Date v
20080101 43.47802
20080102 44.012333
20080103 44.574726
20080104 45.1646
20080105 45.78118
20080106 46.42347
20080107 47.090202
20080108 47.779804
20080109 48.490314
20080110 49.21933
20080111 49.963932
20080112 50.72061
20080113 51.485188
20080114 52.252735
20080115 53.017525
20080116 53.772987
20080117 54.511684
20080118 55.225338
20080119 55.904934
20080120 56.540855
20080121 57.123116
20080122 57.64167
20080123 58.0868
20080124 58.44953
20080125 58.72212
20080126 58.898457
20080127 58.974472
20080128 58.94838
20080129 58.82079
20080130 58.59468
20080131 58.27521
20080201 57.86937
20080202 57.385586
20080203 56.83327
20080204 56.222363
20080205 55.562916
20080206 54.864765
20080207 54.137245
20080208 53.389008
20080209 52.627903
20080210 51.86093
20080211 51.09423
20080212 50.333115
20080213 49.582115
20080214 48.845066
20080215 48.12516
20080216 47.425045
20080217 46.74689
20080218 46.092457
20080219 45.463146
20080220 44.860085
20080221 44.284153
20080222 43.736027
20080223 43.216232
20080224 42.72515
20080225 42.263065
20080226 41.830185
20080227 41.426636
20080228 41.05251
20080229 40.70785
20080301 40.39268
20080302 40.106995
20080303 39.850784
20080304 39.62402
20080305 39.426674
20080306 39.258724
20080307 39.120136
20080308 39.010883
20080309 38.93095
20080310 38.880318
20080311 38.85897
20080312 38.86691
20080313 38.904133
20080314 38.97065
20080315 39.066475
20080316 39.191628
20080317 39.34613
20080318 39.53001
20080319 39.743294
20080320 39.986015
20080321 40.258198
20080322 40.559856
20080323 40.891003
20080324 41.25163
20080325 41.641697
20080326 42.061142
20080327 42.50985
20080328 42.98766
20080329 43.49432
20080330 44.0295
20080331 44.592735
20080401 45.183434
20080402 45.800804
20080403 46.443844
20080404 47.111282
20080405 47.80153
20080406 48.512615
20080407 49.24212
20080408 49.987106
20080409 50.74405
20080410 51.508743
20080411 52.27624
20080412 53.040794
20080413 53.795795
20080414 54.533787
20080415 55.246468
20080416 55.924805
20080417 56.559162
20080418 57.139553
20080419 57.655937
20080420 58.09861
20080421 58.458633
20080422 58.72831
20080423 58.90159
20080424 58.974464
20080425 58.94522
20080426 58.814552
20080427 58.585506
20080428 58.263294
20080429 57.85496
20080430 57.36897
20080501 56.814754
20080502 56.202255
20080503 55.541534
20080504 54.8424
20080505 54.114178
20080506 53.365486
20080507 52.60416
20080508 51.837166
20080509 51.070618
20080510 50.3098
20080511 49.559223
20080512 48.8227
20080513 48.10341
20080514 47.40398
20080515 46.72657
20080516 46.072918
20080517 45.44443
20080518 44.84222
20080519 44.26716
20080520 43.71992
20080521 43.201023
20080522 42.710846
20080523 42.249672
20080524 41.817703
20080525 41.415073
20080526 41.04186
20080527 40.698112
20080528 40.383854
20080529 40.099075
20080530 39.84377
20080531 39.617905
20080601 39.421463
20080602 39.254406
20080603 39.11671
20080604 39.008354
20080605 38.929306
20080606 38.87956
20080607 38.859093
20080608 38.867912
20080609 38.906017
20080610 38.97341
20080611 39.070114
20080612 39.19614
20080613 39.351517
20080614 39.536266
20080615 39.750427
20080616 39.99402
20080617 40.26707
20080618 40.5696
20080619 40.901615
20080620 41.263107
20080621 41.65404
20080622 42.07435
20080623 42.52392
20080624 43.00258
20080625 43.510082
20080626 44.046093
20080627 44.61015
20080628 45.20164
20080629 45.819782
20080630 46.46356
20080701 47.131695
20080702 47.822586
20080703 48.53425
20080704 49.26425
20080705 50.009644
20080706 50.766872
20080707 51.531715
20080708 52.299206
20080709 53.06356
20080710 53.81816
20080711 54.555508
20080712 55.26729
20080713 55.94444
20080714 56.57732
20080715 57.15593
20080716 57.670235
20080717 58.11055
20080718 58.467968
20080719 58.734825
20080720 58.905144
20080721 58.97497
20080722 58.94267
20080723 58.809
20080724 58.577076
20080725 58.25218
20080726 57.841396
20080727 57.353226
20080728 56.797127
20080729 56.18305
20080730 55.52104
20080731 54.820915
20080801 54.091965
20080802 53.342796
20080803 52.581207
20080804 51.81415
20080805 51.047707
20080806 50.287136
20080807 49.536934
20080808 48.800884
20080809 48.082153
20080810 47.38335
20080811 46.706623
20080812 46.053703
20080813 45.42598
20080814 44.824562
20080815 44.250313
20080816 43.703907
20080817 43.18585
20080818 42.696526
20080819 42.23621
20080820 41.805103
20080821 41.40334
20080822 41.030994
20080823 40.688118
20080824 40.37473
20080825 40.090824
20080826 39.836388
20080827 39.6114
20080828 39.41583
20080829 39.24965
20080830 39.112827
20080831 39.005344
20080901 38.927177
20080902 38.878307
20080903 38.858727
20080904 38.868427
20080905 38.907417
20080906 38.9757
20080907 39.073296
20080908 39.200214
20080909 39.356487
20080910 39.54214
20080911 39.757202
20080912 40.0017
20080913 40.27566
20080914 40.5791
20080915 40.912033
20080916 41.27444
20080917 41.666286
20080918 42.08751
20080919 42.53799
20080920 43.017555
20080921 43.525963
20080922 44.062862
20080923 44.627792
20080924 45.220142
20080925 45.83911
20080926 46.48369
20080927 47.152576
20080928 47.84417
20080929 48.55647
20080930 49.28703
20081001 50.032875
20081002 50.790443
20081003 51.55549
20081004 52.32301
20081005 53.08721
20081006 53.841434
20081007 54.578167
20081008 55.28906
20081009 55.965034
20081010 56.596428
20081011 57.17324
20081012 57.685436
20081013 58.12335
20081014 58.4781
20081015 58.742077
20081016 58.909348
20081017 58.976036
20081018 58.940575
20081019 58.8038
20081020 58.568897
20081021 58.241203
20081022 57.827866
20081023 57.337418
20081024 56.779335
20081025 56.16358
20081026 55.50021
20081027 54.799015
20081028 54.06927
20081029 53.31956
20081030 52.557667
20081031 51.7905
20081101 51.024128
20081102 50.26378
20081103 49.513927
20081104 48.778343
20081105 48.060165
20081106 47.361996
20081107 46.685963
20081108 46.033787
20081109 45.40685
20081110 44.80625
20081111 44.23285
20081112 43.687305
20081113 43.17013
20081114 42.6817
20081115 42.22229
20081116 41.792095
20081117 41.39124
20081118 41.019814
20081119 40.677856
20081120 40.365387
20081121 40.0824
20081122 39.828884
20081123 39.604816
20081124 39.410164
20081125 39.2449
20081126 39.108997
20081127 39.00243
20081128 38.92518
20081129 38.877224
20081130 38.85856
20081201 38.869175
20081202 38.90908
20081203 38.97828
20081204 39.076786
20081205 39.204624
20081206 39.361813
20081207 39.54838
20081208 39.764362
20081209 40.009777
20081210 40.28466
20081211 40.58902
20081212 40.922867
20081213 41.286194
20081214 41.678955
20081215 42.10109
20081216 42.55248
20081217 43.032948
20081218 43.542244
20081219 44.080025
20081220 44.645817
20081221 45.239006
20081222 45.85879
20081223 46.504143
20081224 47.173763
20081225 47.86603
20081226 48.57894
20081227 49.31002
20081228 50.056293
20081229 50.814163
20081230 51.579365
20081231 52.346878
20090101 53.110886
20090102 53.86469
20090103 54.60075
20090104 55.310703
20090105 55.985443
20090106 56.615295
20090107 57.190254
20090108 57.700287
20090109 58.135742
20090110 58.487778
20090111 58.748825
20090112 58.91301
20090113 58.97653
20090114 58.937885
20090115 58.79799
20090116 58.5601
20090117 58.229618
20090118 57.813736
20090119 57.321026
20090120 56.76099
20090121 56.143597
20090122 55.47889
20090123 54.77666
20090124 54.04616
20090125 53.295956
20090126 52.53379
20090127 51.766556
20090128 51.00029
20090129 50.240204
20090130 49.49074
20090131 48.75565
20090201 48.038055
20090202 47.340546
20090203 46.66523
20090204 46.013824
20090205 45.38769
20090206 44.78793
20090207 44.21539
20090208 43.670727
20090209 43.154446
20090210 42.66692
20090211 42.20842
20090212 41.77914
20090213 41.379208
20090214 41.008705
20090215 40.66767
20090216 40.35613
20090217 40.074066
20090218 39.821476
20090219 39.59833
20090220 39.404602
20090221 39.240265
20090222 39.10528
20090223 38.999638
20090224 38.92331
20090225 38.876274
20090226 38.858532
20090227 38.87007
20090228 38.910896
20090301 38.981018
20090302 39.08045
20090303 39.20921
20090304 39.36732
20090305 39.554817
20090306 39.77172
20090307 40.018066
20090308 40.29387
20090309 40.59916
20090310 40.93393
20090311 41.29818
20090312 41.691864
20090313 42.114918
20090314 42.56722
20090315 43.04859
20090316 43.558784
20090317 44.097443
20090318 44.664097
20090319 45.258125
20090320 45.878716
20090321 46.524837
20090322 47.195183
20090323 47.88811
20090324 48.60161
20090325 49.333195
20090326 50.079865
20090327 50.838005
20090328 51.603333
20090329 52.3708
20090330 53.134552
20090331 53.887882
20090401 54.623222
20090402 55.332176
20090403 56.005627
20090404 56.633877
20090405 57.20692
20090406 57.714733
20090407 58.14768
20090408 58.496956
20090409 58.75503
20090410 58.916107
20090411 58.976437
20090412 58.934605
20090413 58.791595
20090414 58.55074
20090415 58.21749
20090416 57.7991
20090417 57.304173
20090418 56.74222
20090419 56.123238
20090420 55.457253
20090421 54.75404
20090422 54.02284
20090423 53.272182
20090424 52.509796
20090425 51.74254
20090426 50.976425
20090427 50.21664
20090428 49.4676
20090429 48.73304
20090430 48.016064
20090501 47.31924
20090502 46.64467
20090503 45.994053
20090504 45.368748
20090505 44.769844
20090506 44.198177
20090507 43.654408
20090508 43.13903
20090509 42.65242
20090510 42.19484
20090511 41.766483
20090512 41.367477
20090513 40.9979
20090514 40.65779
20090515 40.347168
20090516 40.06603
20090517 39.814358
20090518 39.592133
20090519 39.39932
20090520 39.235893
20090521 39.101826
20090522 38.99709
20090523 38.921665
20090524 38.875538
20090525 38.858696
20090526 38.87114
20090527 38.912865
20090528 38.983887
20090529 39.084217
20090530 39.213875
20090531 39.372883
20090601 39.561275
20090602 39.77907
20090603 40.02631
20090604 40.303005
20090605 40.60918
20090606 40.94484
20090607 41.30997
20090608 41.704536
20090609 42.12846
20090610 42.581623
20090611 43.06385
20090612 43.574883
20090613 44.11437
20090614 44.681828
20090615 45.276634
20090616 45.897976
20090617 46.54481
20090618 47.215816
20090619 47.909355
20090620 48.623386
20090621 49.355423
20090622 50.10244
20090623 50.86081
20090624 51.626217
20090625 52.393604
20090626 53.157085
20090627 53.909927
20090628 54.644535
20090629 55.3525
20090630 56.024673
20090701 56.65136
20090702 57.222534
20090703 57.728188
20090704 58.158707
20090705 58.505314
20090706 58.760536
20090707 58.91862
20090708 58.975895
20090709 58.93101
20090710 58.78503
20090711 58.541344
20090712 58.205475
20090713 57.784706
20090714 57.287678
20090715 56.723934
20090716 56.10345
20090717 55.436275
20090718 54.732155
20090719 54.00031
20090720 53.249252
20090721 52.48668
20090722 51.71943
20090723 50.953484
20090724 50.194004
20090725 49.44539
20090726 48.711353
20090727 47.99498
20090728 47.298824
20090729 46.624977
20090730 45.975124
20090731 45.350616
20090801 44.752533
20090802 44.181713
20090803 43.6388
20090804 43.12429
20090805 42.638554
20090806 42.181854
20090807 41.75438
20090808 41.35626
20090809 40.987564
20090810 40.64834
20090811 40.3386
20090812 40.058346
20090813 39.807556
20090814 39.586205
20090815 39.39427
20090816 39.23172
20090817 39.09853
20090818 38.994667
20090819 38.920116
20090820 38.874863
20090821 38.8589
20090822 38.87221
20090823 38.914814
20090824 38.98671
20090825 39.087914
20090826 39.21845
20090827 39.378338
20090828 39.567608
20090829 39.78629
20090830 40.03441
20090831 40.311993
20090901 40.619057
20090902 40.955605
20090903 41.32163
20090904 41.717083
20090905 42.141895
20090906 42.595947
20090907 43.079052
20090908 43.59096
20090909 44.131306
20090910 44.699615
20090911 45.29525
20090912 45.91739
20090913 46.564983
20090914 47.236706
20090915 47.930904
20090916 48.645527
20090917 49.37807
20090918 50.125492
20090919 50.88414
20090920 51.64969
20090921 52.41704
20090922 53.180298
20090923 53.932693
20090924 54.666607
20090925 55.373608
20090926 56.04453
20090927 56.669655
20090928 57.238964
20090929 57.74245
20090930 58.17052
20091001 58.51443
20091002 58.76675
20091003 58.921787
20091004 58.975945
20091005 58.92794
20091006 58.778908
20091007 58.53232
20091008 58.193737
20091009 57.770508
20091010 57.271305
20091011 56.705685
20091012 56.083637
20091013 55.415195
20091014 54.710102
20091015 53.97756
20091016 53.226044
20091017 52.463238
20091018 51.69595
20091019 50.93013
20091020 50.170925
20091021 49.422707
20091022 48.689163
20091023 47.973373
20091024 47.27787
20091025 46.60473
20091026 45.955627
20091027 45.33191
20091028 44.734642
20091029 44.16466
20091030 43.622604
20091031 43.108967
20091101 42.624107
20091102 42.168293
20091103 41.74171
20091104 41.344482
20091105 40.976685
20091106 40.638355
20091107 40.329517
20091108 40.05016
20091109 39.800266
20091110 39.579815
20091111 39.38878
20091112 39.227127
20091113 39.09483
20091114 38.991867
20091115 38.918217
20091116 38.87386
20091117 38.85879
20091118 38.873005
20091119 38.916504
20091120 38.989304
20091121 39.09141
20091122 39.22285
20091123 39.383644
20091124 39.573822
20091125 39.79341
20091126 40.042446
20091127 40.320942
20091128 40.628918
20091129 40.96638
20091130 41.33332
20091201 41.72969
20091202 42.155415
20091203 42.610374
20091204 43.094387
20091205 43.60719
20091206 44.148422
20091207 44.717598
20091208 45.31408
20091209 45.93704
20091210 46.58542
20091211 47.257885
20091212 47.95277
20091213 48.66801
20091214 49.401085
20091215 50.148933
20091216 50.907894
20091217 51.673607
20091218 52.440956
20091219 53.20401
20091220 53.955982
20091221 54.689224
20091222 55.395275
20091223 56.064953
20091224 56.68853
20091225 57.255974
20091226 57.757282
20091227 58.182884
20091228 58.524067
20091229 58.77345
20091230 58.9254
20091231 58.976387
20100101 58.925205
20100102 58.773064
20100103 58.5235
20100104 58.182144
20100105 57.756386
20100106 57.25494
20100107 56.687374
20100108 56.063698
20100109 55.393936
20100110 54.687817
20100111 53.95452
20100112 53.202515
20100113 52.43944
20100114 51.672085
20100115 50.906372
20100116 50.147427
20100117 49.399593
20100118 48.666542
20100119 47.951336
20100120 47.25649
20100121 46.58406
20100122 45.935726
20100123 45.312813
20100124 44.71638
20100125 44.147255
20100126 43.60608
20100127 43.09333
20100128 42.609375
20100129 42.15447
20100130 41.7288
20100131 41.33249
20100201 40.965614
20100202 40.62821
20100203 40.32029
20100204 40.041855
20100205 39.792885
20100206 39.573353
20100207 39.38324
20100208 39.222504
20100209 39.09113
20100210 38.989082
20100211 38.916348
20100212 38.87291
20100213 38.85876
20100214 38.873894
20100215 38.918312
20100216 38.992027
20100217 39.09506
20100218 39.227417
20100219 39.389133
20100220 39.580235
20100221 39.80075
20100222 40.05071
20100223 40.33013
20100224 40.639034
20100225 40.97743
20100226 41.34529
20100227 41.742584
20100228 42.169235
20100301 42.625114
20100302 43.11004
20100303 43.62374
20100304 44.165863
20100305 44.735912
20100306 45.33324
20100307 45.95702
20100308 46.606182
20100309 47.279385
20100310 47.974945
20100311 48.69079
20100312 49.42438
20100313 50.17264
20100314 50.93189
20100315 51.697735
20100316 52.465042
20100317 53.227856
20100318 53.97936
20100319 54.71188
20100320 55.416927
20100321 56.0853
20100322 56.707256
20100323 57.272762
20100324 57.771824
20100325 58.19489
20100326 58.53328
20100327 58.779663
20100328 58.92847
20100329 58.97624
20100330 58.921844
20100331 58.766567
20100401 58.514015
20100402 58.169884
20100403 57.74161
20100404 57.23794
20100405 56.668465
20100406 56.043194
20100407 55.372154
20100408 54.66506
20100409 53.931065
20100410 53.17861
20100411 52.415318
20100412 51.647938
20100413 50.88238
20100414 50.123734
20100415 49.376328
20100416 48.64381
20100417 47.92922
20100418 47.23506
20100419 46.56338
20100420 45.915836
20100421 45.29375
20100422 44.698174
20100423 44.12993
20100424 43.58964
20100425 43.0778
20100426 42.594757
20100427 42.140774
20100428 41.71603
20100429 41.320644
20100430 40.954693
20100501 40.61821
20100502 40.31122
20100503 40.033703
20100504 39.785656
20100505 39.567043
20100506 39.377842
20100507 39.218025
20100508 39.087563
20100509 38.986427
20100510 38.9146
20100511 38.87207
20100512 38.85883
20100513 38.874866
20100514 38.920193
20100515 38.994816
20100516 39.09875
20100517 39.232018
20100518 39.39464
20100519 39.586647
20100520 39.80807
20100521 40.058937
20100522 40.339268
20100523 40.649082
20100524 40.98838
20100525 41.35715
20100526 41.75535
20100527 42.1829
20100528 42.639675
20100529 43.12549
20100530 43.64007
20100531 44.183056
20100601 44.753952
20100602 45.352108
20100603 45.97668
20100604 46.626602
20100605 47.30051
20100606 47.996723
20100607 48.71315
20100608 49.447235
20100609 50.195885
20100610 50.955395
20100611 51.721355
20100612 52.488613
20100613 53.25117
20100614 54.0022
20100615 54.733994
20100616 55.438046
20100617 56.10513
20100618 56.72549
20100619 57.289093
20100620 57.78595
20100621 58.206528
20100622 58.542187
20100623 58.78564
20100624 58.93138
20100625 58.976017
20100626 58.91849
20100627 58.76016
20100628 58.5047
20100629 58.15787
20100630 57.727146
20100701 57.22131
20100702 56.649975
20100703 56.023155
20100704 55.35087
20100705 54.642815
20100706 53.90814
20100707 53.155247
20100708 52.391735
20100709 51.624332
20100710 50.858917
20100711 50.10056
20100712 49.35356
20100713 48.621555
20100714 47.907562
20100715 47.21407
20100716 46.54311
20100717 45.89633
20100718 45.27505
20100719 44.680305
20100720 44.112915
20100721 43.5735
20100722 43.062546
20100723 42.5804
20100724 42.127316
20100725 41.703476
20100726 41.309002
20100727 40.943962
20100728 40.608395
20100729 40.302315
20100730 40.025715
20100731 39.778576
20100801 39.560875
20100802 39.372585
20100803 39.213676
20100804 39.084118
20100805 38.983887
20100806 38.912968
20100807 38.871338
20100808 38.858994
20100809 38.87593
20100810 38.92215
20100811 38.997665
20100812 39.10249
20100813 39.236645
20100814 39.400154
20100815 39.59305
20100816 39.815353
20100817 40.067097
20100818 40.348305
20100819 40.658997
20100820 40.99917
20100821 41.36881
20100822 41.76787
20100823 42.196285
20100824 42.653915
20100825 43.14057
20100826 43.65599
20100827 44.199795
20100828 44.771492
20100829 45.370426
20100830 45.995747
20100831 46.646374
20100901 47.32095
20100902 48.017765
20100903 48.734726
20100904 49.469257
20100905 50.218254
20100906 50.977985
20100907 51.74403
20100908 52.511196
20100909 53.27348
20100910 54.02401
20100911 54.75507
20100912 55.45812
20100913 56.12392
20100914 56.742706
20100915 57.304436
20100916 57.799137
20100917 58.21729
20100918 58.55029
20100919 58.7909
20100920 58.933678
20100921 58.975285
20100922 58.91475
20100923 58.75349
20100924 58.49525
20100925 58.145847
20100926 57.7128
20100927 57.204914
20100928 56.63183
20100929 56.00356
20100930 55.330112
20101001 54.621185
20101002 53.885887
20101003 53.132618
20101004 52.368935
20101005 51.601543
20101006 50.836304
20101007 50.07825
20101008 49.331676
20101009 48.60019
20101010 47.886787
20101011 47.193954
20101012 46.52371
20101013 45.87768
20101014 45.257187
20101015 44.66325
20101016 44.096687
20101017 43.558117
20101018 43.048016
20101019 42.566727
20101020 42.11451
20101021 41.691536
20101022 41.29793
20101023 40.933758
20101024 40.59906
20101025 40.293846
20101026 40.018112
20101027 39.77184
20101028 39.555004
20101029 39.367577
20101030 39.20953
20101031 39.08083
20101101 38.98146
20101102 38.9114
20101103 38.870632
20101104 38.85915
20101105 38.87695
20101106 38.924038
20101107 39.00042
20101108 39.106113
20101109 39.241142
20101110 39.405525
20101111 39.599297
20101112 39.822487
20101113 40.075115
20101114 40.357212
20101115 40.668793
20101116 41.009857
20101117 41.380394
20101118 41.780354
20101119 42.209656
20101120 42.668175
20101121 43.155716
20101122 43.672012
20101123 44.216682
20101124 44.789227
20101125 45.388985
20101126 46.015106
20101127 46.6665
20101128 47.341793
20101129 48.039272
20101130 48.75683
20101201 49.49187
20101202 50.241272
20101203 51.00129
20101204 51.76747
20101205 52.53461
20101206 53.29667
20101207 54.046753
20101208 54.777115
20101209 55.479195
20101210 56.143738
20101211 56.76096
20101212 57.32082
20101213 57.813343
20101214 58.229042
20101215 58.55934
20101216 58.797054
20101217 58.936787
20101218 58.97528
20101219 58.911636
20101220 58.747345
20101221 58.486217
20101222 58.13412
20101223 57.69863
20101224 57.188587
20101225 56.613644
20101226 55.983814
20101227 55.309116
20101228 54.599216
20101229 53.86322
20101230 53.10949
20101231 52.345566
20110101 51.57813
20110102 50.813007
20110103 50.055218
20110104 49.309025
20110105 48.578022
20110106 47.865196
20110107 47.173004
20110108 46.503456
20110109 45.858173
20110110 45.23846
20110111 44.64534
20110112 44.07961
20110113 43.541893
20110114 43.032658
20110115 42.55225
20110116 42.100918
20110117 41.67884
20110118 41.286133
20110119 40.922863
20110120 40.589066
20110121 40.284756
20110122 40.009926
20110123 39.76456
20110124 39.54863
20110125 39.362106
20110126 39.204964
20110127 39.07717
20110128 38.97871
20110129 38.909557
20110130 38.869698
20110131 38.859123
20110201 38.87783
20110202 38.925827
20110203 39.00312
20110204 39.10973
20110205 39.24567
20110206 39.410973
20110207 39.605663
20110208 39.829773
20110209 40.083324
20110210 40.366344
20110211 40.67885
20110212 41.020836
20110213 41.392296
20110214 41.79318
20110215 42.2234
20110216 42.68284
20110217 43.17129
20110218 43.688484
20110219 44.234043
20110220 44.807457
20110221 45.408066
20110222 46.035004
20110223 46.68718
20110224 47.363205
20110225 48.06136
20110226 48.779514
20110227 49.51507
20110228 50.26488
20110301 51.025177
20110302 51.79149
20110303 52.55858
20110304 53.320385
20110305 54.069992
20110306 54.799618
20110307 55.500683
20110308 56.163914
20110309 56.779507
20110310 57.33742
20110311 57.827694
20110312 58.240852
20110313 58.568363
20110314 58.803085
20110315 58.93969
20110316 58.97499
20110317 58.908157
20110318 58.740765
20110319 58.476685
20110320 58.121853
20110321 57.683884
20110322 57.17165
20110323 56.594826
20110324 55.963436
20110325 55.287487
20110326 54.57663
20110327 53.83995
20110328 53.08579
20110329 52.321655
20110330 51.554203
20110331 50.789238
20110401 50.03175
20110402 49.285984
20110403 48.555508
20110404 47.84329
20110405 47.15178
20110406 46.482967
20110407 45.838467
20110408 45.219566
20110409 44.62729
20110410 44.062428
20110411 43.525593
20110412 43.01725
20110413 42.53774
20110414 42.087315
20110415 41.66615
20110416 41.274353
20110417 40.911995
20110418 40.579113
20110419 40.275715
20110420 40.001797
20110421 39.75734
20110422 39.54232
20110423 39.356705
20110424 39.20047
20110425 39.073586
20110426 38.97603
20110427 38.90778
20110428 38.868824
20110429 38.859154
20110430 38.87877
20110501 38.92767
20110502 39.00587
20110503 39.113384
20110504 39.250233
20110505 39.416447
20110506 39.612045
20110507 39.837067
20110508 40.09153
20110509 40.375465
20110510 40.688885
20110511 41.03179
20110512 41.404167
20110513 41.805965
20110514 42.237103
20110515 42.697445
20110516 43.186802
20110517 43.70489
20110518 44.25133
20110519 44.82561
20110520 45.427063
20110521 46.054813
20110522 46.707764
20110523 47.38452
20110524 48.083347
20110525 48.8021
20110526 49.538166
20110527 50.28838
20110528 51.048954
20110529 51.81539
20110530 52.58243
20110531 53.343987
20110601 54.09311
20110602 54.822
20110603 55.52205
20110604 56.183956
20110605 56.797924
20110606 57.353893
20110607 57.841915
20110608 58.252537
20110609 58.577263
20110610 58.809006
20110611 58.942493
20110612 58.974613
20110613 58.90461
20110614 58.73413
20110615 58.46712
20110616 58.109566
20110617 57.669136
20110618 57.15473
20110619 56.576042
20110620 55.943104
20110621 55.26591
20110622 54.554104
20110623 53.816746
20110624 53.062153
20110625 52.29781
20110626 51.530346
20110627 50.76553
20110628 50.00834
20110629 49.26299
20110630 48.533035
20110701 47.821423
20110702 47.130585
20110703 46.4625
20110704 45.81878
20110705 45.20069
20110706 44.609257
20110707 44.045258
20110708 43.509304
20110709 43.001854
20110710 42.52325
20110711 42.073734
20110712 41.653484
20110713 41.262608
20110714 40.90117
20110715 40.56921
20110716 40.266735
20110717 39.993736
20110718 39.750202
20110719 39.5361
20110720 39.351402
20110721 39.196087
20110722 39.070118
20110723 38.973476
20110724 38.90614
20110725 38.868095
20110726 38.85934
20110727 38.879864
20110728 38.929676
20110729 39.008785
20110730 39.11721
20110731 39.25497
20110801 39.42209
20110802 39.6186
20110803 39.84453
20110804 40.0999
20110805 40.384743
20110806 40.699066
20110807 41.042877
20110808 41.416157
20110809 41.81885
20110810 42.25088
20110811 42.712112
20110812 43.202347
20110813 43.721302
20110814 44.268593
20110815 44.843704
20110816 45.44596
20110817 46.074486
20110818 46.728172
20110819 47.405613
20110820 48.105064
20110821 48.824368
20110822 49.560894
20110823 50.311462
20110824 51.07226
20110825 51.83878
20110826 52.605724
20110827 53.366985
20110828 54.11559
20110829 54.843708
20110830 55.542717
20110831 56.203293
20110901 56.815624
20110902 57.36965
20110903 57.85544
20110904 58.263554
20110905 58.585537
20110906 58.814346
20110907 58.94478
20110908 58.973785
20110909 58.90069
20110910 58.727203
20110911 58.457344
20110912 58.097157
20110913 57.654346
20110914 57.137856
20110915 56.55738
20110916 55.922962
20110917 55.24459
20110918 54.53189
20110919 53.793907
20110920 53.038925
20110921 52.27441
20110922 51.50696
20110923 50.742325
20110924 49.98545
20110925 49.240536
20110926 48.51111
20110927 47.80011
20110928 47.109947
20110929 46.4426
20110930 45.79965
20111001 45.182373
20111002 44.59177
20111003 44.028625
20111004 43.49354
20111005 42.986973
20111006 42.509254
20111007 42.060635
20111008 41.641277
20111009 41.251297
20111010 40.890755
20111011 40.55969
20111012 40.258106
20111013 39.986
20111014 39.74335
20111015 39.53013
20111016 39.346313
20111017 39.191868
20111018 39.066772
20111019 38.970997
20111020 38.904526
20111021 38.867344
20111022 38.859444
20111023 38.880825
20111024 38.931488
20111025 39.01145
20111026 39.120728
20111027 39.25934
20111028 39.42731
20111029 39.624672
20111030 39.85145
20111031 40.10768
20111101 40.393375
20111102 40.708557
20111103 41.053223
20111104 41.427357
20111105 41.830906
20111106 42.26379
20111107 42.725872
20111108 43.216953
20111109 43.736744
20111110 44.284863
20111111 44.860786
20111112 45.463833
20111113 46.093124
20111114 46.747543
20111115 47.425674
20111116 48.12576
20111117 48.84563
20111118 49.582645
20111119 50.333603
20111120 51.094673
20111121 51.861317
20111122 52.628227
20111123 53.389267
20111124 54.137432
20111125 54.864876
20111126 55.56294
20111127 56.222294
20111128 56.833107
20111129 57.385323
20111130 57.869007
20111201 58.274746
20111202 58.594124
20111203 58.820137
20111204 58.947643
20111205 58.973667
20111206 58.897587
20111207 58.7212
20111208 58.448578
20111209 58.085823
20111210 57.64069
20111211 57.122143
20111212 56.539898
20111213 55.904007
20111214 55.224445
20111215 54.510834
20111216 53.77219
20111217 53.01678
20111218 52.252045
20111219 51.484554
20111220 50.720036
20111221 49.963417
20111222 49.21887
20111223 48.48991
20111224 47.779453
20111225 47.089905
20111226 46.42322
20111227 45.780983
20111228 45.164448
20111229 44.574615
20111230 44.012264
20111231 43.477993
20120101 42.972248
20120102 42.49537
20120103 42.04759
20120104 41.62908
20120105 41.239956
20120106 40.880272
20120107 40.550068
20120108 40.249348
20120109 39.978107
20120110 39.736324
20120111 39.52398
20120112 39.341034
20120113 39.187466
20120114 39.063248
20120115 38.968353
20120116 38.902763
20120117 38.866467
20120118 38.85946
20120119 38.88173
20120120 38.93329
20120121 39.01415
20120122 39.124325
20120123 39.263836
20120124 39.432713
20120125 39.630978
20120126 39.858665
20120127 40.115803
20120128 40.40241
20120129 40.7185
20120130 41.06408
20120131 41.43912
20120201 41.84358
20120202 42.27737
20120203 42.740353
20120204 43.232327
20120205 43.753002
20120206 44.30199
20120207 44.878765
20120208 45.482643
20120209 46.112736
20120210 46.767914
20120211 47.44676
20120212 48.147495
20120213 48.86795
20120214 49.605457
20120215 50.3568
20120216 51.118126
20120217 51.88488
20120218 52.651726
20120219 53.412495
20120220 54.160164
20120221 54.88686
20120222 55.5839
20120223 56.241936
20120224 56.85112
20120225 57.4014
20120226 57.88285
20120227 58.28608
20120228 58.602703
20120229 58.82578
20120301 58.950214
20120302 58.97311
20120303 58.89392
20120304 58.714508
20120305 58.43902
20120306 58.073605
20120307 57.62607
20120308 57.105404
20120309 56.521347
20120310 55.88395
20120311 55.20318
20120312 54.488647
20120313 53.749344
20120314 52.99352
20120315 52.22858
20120316 51.461075
20120317 50.696712
20120318 49.94038
20120319 49.196243
20120320 48.467793
20120321 47.757927
20120322 47.06904
20120323 46.403065
20120324 45.76158
20120325 45.145844
20120326 44.55683
20120327 43.995323
20120328 43.46191
20120329 42.957035
20120330 42.481037
20120331 42.03415
20120401 41.616535
20120402 41.228306
20120403 40.869522
20120404 40.54022
20120405 40.2404
20120406 39.970062
20120407 39.729183
20120408 39.51774
20120409 39.335697
20120410 39.183033
20120411 39.05972
20120412 38.96573
20120413 38.901043
20120414 38.86565
20120415 38.859547
20120416 38.882725
20120417 38.935192
20120418 39.01696
20120419 39.128044
20120420 39.26847
20120421 39.43826
20120422 39.63744
20120423 39.866043
20120424 40.1241
20120425 40.411625
20120426 40.728638
20120427 41.075138
20120428 41.451103
20120429 41.856483
20120430 42.291187
20120501 42.755085
20120502 43.247963
20120503 43.76954
20120504 44.31941
20120505 44.89705
20120506 45.50177
20120507 46.13267
20120508 46.788624
20120509 47.468193
20120510 48.169598
20120511 48.89064
20120512 49.628647
20120513 50.38038
20120514 51.141968
20120515 51.90883
20120516 52.675602
20120517 53.436096
20120518 54.183258
20120519 54.909184
20120520 55.605175
20120521 56.261856
20120522 56.86938
20120523 57.417683
20120524 57.896847
20120525 58.297512
20120526 58.611324
20120527 58.831398
20120528 58.952705
20120529 58.972412
20120530 58.890053
20120531 58.707565
20120601 58.429157
20120602 58.061047
20120603 57.611076
20120604 57.08827
20120605 56.50238
20120606 55.863464
20120607 55.181484
20120608 54.46603
20120609 53.726078
20120610 52.969845
20120611 52.20472
20120612 51.43722
20120613 50.673023
20120614 49.917004
20120615 49.173298
20120616 48.445374
20120617 47.736122
20120618 47.047913
20120619 46.382675
20120620 45.741974
20120621 45.12705
20120622 44.538883
20120623 43.978237
20120624 43.44571
20120625 42.94173
20120626 42.466637
20120627 42.02066
20120628 41.603962
20120629 41.216652
20120630 40.85879
20120701 40.530403
20120702 40.23151
20120703 39.962097
20120704 39.722137
20120705 39.511616
20120706 39.330494
20120707 39.17875
20120708 39.056355
20120709 38.96328
20120710 38.899513
20120711 38.86504
20120712 38.85985
20120713 38.883945
20120714 38.93733
20120715 39.02001
20120716 39.132015
20120717 39.273354
20120718 39.44406
20120719 39.64416
20120720 39.87368
20120721 40.132652
20120722 40.421093
20120723 40.739025
20120724 41.086437
20120725 41.463314
20120726 41.869602
20120727 42.305214
20120728 42.770004
20120729 43.26377
20120730 43.78622
20120731 44.336952
20120801 44.915436
20120802 45.52097
20120803 46.152653
20120804 46.80934
20120805 47.489594
20120806 48.19162
20120807 48.91321
20120808 49.65167
20120809 50.40374
20120810 51.165535
20120811 51.93244
20120812 52.699085
20120813 53.45924
20120814 54.20583
20120815 54.930923
20120816 55.625805
20120817 56.281082
20120818 56.88689
20120819 57.433174
20120820 57.91002
20120821 58.308098
20120822 58.619095
20120823 58.83617
20120824 58.95437
20120825 58.970924
20120826 58.885445
20120827 58.699936
20120828 58.418682
20120829 58.047955
20120830 57.595627
20120831 57.070763
20120901 56.483128
20120902 55.842773
20120903 55.15966
20120904 54.443363
20120905 53.702827
20120906 52.946255
20120907 52.180996
20120908 51.41355
20120909 50.64957
20120910 49.8939
20120911 49.15066
20120912 48.4233
20120913 47.714687
20120914 47.02718
20120915 46.362698
20120916 45.72279
20120917 45.108692
20120918 44.521378
20120919 43.961605
20120920 43.42996
20120921 42.926876
20120922 42.452682
20120923 42.00761
20120924 41.59182
20120925 41.20542
20120926 40.84847
20120927 40.520992
20120928 40.223007
20120929 39.954494
20120930 39.715443
20121001 39.505817
20121002 39.325596
20121003 39.174747
20121004 39.053246
20121005 38.961063
20121006 38.89819
20121007 38.8646
20121008 38.860302
20121009 38.885284
20121010 38.939552
20121011 39.02312
20121012 39.13601
20121013 39.278233
20121014 39.44982
20121015 39.650806
20121016 39.881214
20121017 40.141068
20121018 40.430397
20121019 40.74921
20121020 41.097507
20121021 41.475266
20121022 41.882435
20121023 42.31892
20121024 42.784588
20121025 43.279217
20121026 43.80252
20121027 44.35409
20121028 44.93339
20121029 45.539722
20121030 46.172173
20121031 46.82959
20121101 47.510525
20121102 48.213173
20121103 48.93531
20121104 49.674225
20121105 50.42665
20121106 51.188667
20121107 51.955654
20121108 52.722195
20121109 53.48205
20121110 54.22812
20121111 54.95244
20121112 55.646267
20121113 56.3002
20121114 56.904366
20121115 57.448692
20121116 57.923298
20121117 58.31886
20121118 58.62711
20121119 58.84126
20121120 58.956413
20121121 58.969875
20121122 58.881325
20121123 58.69285
20121124 58.408783
20121125 58.035458
20121126 57.580795
20121127 57.05388
20121128 56.464497
20121129 55.8227
20121130 55.138443
20121201 54.42128
20121202 53.680138
20121203 52.923195
20121204 52.15778
20121205 51.39036
20121206 50.626564
20121207 49.871216
20121208 49.128407
20121209 48.401577
20121210 47.69357
20121211 47.006733
20121212 46.342976
20121213 45.703835
20121214 45.09053
20121215 44.50404
20121216 43.945107
20121217 43.414318
20121218 42.912098
20121219 42.438778
20121220 41.994583
20121221 41.579674
20121222 41.19415
20121223 40.838078
20121224 40.511482
20121225 40.21437
20121226 39.946735
20121227 39.708557
20121228 39.499805
20121229 39.320454
20121230 39.170475
20121231 39.04984
20130101 38.958527
20130102 38.896515
20130103 38.863796
20130104 38.860363
20130105 38.88621
20130106 38.94135
20130107 39.025787
20130108 39.139545
20130109 39.282642
20130110 39.45511
20130111 39.656967
20130112 39.88825
20130113 40.148987
20130114 40.439194
20130115 40.758892
20130116 41.108074
20130117 41.486717
20130118 41.894768
20130119 42.332138
20130120 42.79868
20130121 43.29418
20130122 43.818348
20130123 44.370773
20130124 44.95091
20130125 45.558052
20130126 46.191288
20130127 46.849457
20130128 47.531094
20130129 48.234386
20130130 48.9571
20130131 49.696507
20130201 50.449314
20130202 51.211594
20130203 51.97869
20130204 52.74518
20130205 53.50478
20130206 54.250366
20130207 54.97396
20130208 55.666794
20130209 56.319443
20130210 56.922016
20130211 57.46446
20130212 57.93688
20130213 58.32999
20130214 58.635555
20130215 58.84684
20130216 58.959003
20130217 58.969418
20130218 58.877842
20130219 58.686424
20130220 58.39957
20130221 58.023666
20130222 57.566673
20130223 57.037704
20130224 56.44656
20130225 55.8033
20130226 55.117867
20130227 54.399803
20130228 53.65802
20130301 52.900665
20130302 52.13504
20130303 51.367596
20130304 50.60393
20130305 49.848846
20130306 49.10642
20130307 48.380062
20130308 47.672615
20130309 46.986397
20130310 46.323315
20130311 45.68489
20130312 45.072342
20130313 44.486633
20130314 43.92851
20130315 43.39854
20130316 42.897163
20130317 42.424694
20130318 41.98136
20130319 41.56732
20130320 41.182674
20130321 40.82748
20130322 40.50177
20130323 40.205547
20130324 39.9388
20130325 39.70151
20130326 39.493656
20130327 39.3152
20130328 39.16612
20130329 39.046383
20130330 38.955967
20130331 38.89486
20130401 38.863045
20130402 38.86051
20130403 38.887268
20130404 38.943314
20130405 39.02866
20130406 39.143326
20130407 39.287334
20130408 39.460712
20130409 39.663486
20130410 39.895687
20130411 40.15734
20130412 40.448467
20130413 40.769085
20130414 41.119186
20130415 41.49875
20130416 41.90772
20130417 42.346004
20130418 42.813457
20130419 43.309864
20130420 43.834923
20130421 44.388226
20130422 44.969223
20130423 45.5772
20130424 46.211243
20130425 46.87018
20130426 47.552532
20130427 48.25648
20130428 48.979774
20130429 49.71967
20130430 50.472855
20130501 51.235382
20130502 52.00257
20130503 52.768967
20130504 53.52827
20130505 54.273327
20130506 54.99613
20130507 55.68789
20130508 56.33916
20130509 56.94005
20130510 57.480488
20130511 57.950603
20130512 58.341137
20130513 58.643883
20130514 58.85216
20130515 58.961197
20130516 58.968437
20130517 58.87371
20130518 58.679237
20130519 58.389496
20130520 58.01092
20130521 57.551525
20130522 57.020447
20130523 56.4275
20130524 55.78275
20130525 55.09613
20130526 54.377167
20130527 53.63475
20130528 52.877003
20130529 52.111202
20130530 51.343773
20130531 50.580284
20130601 49.825516
20130602 49.083523
20130603 48.357697
20130604 47.650864
20130605 46.965332
20130606 46.302986
20130607 45.66534
20130608 45.05361
20130609 44.46875
20130610 43.91149
20130611 43.38241
20130612 42.881927
20130613 42.410366
20130614 41.967945
20130615 41.55482
20130616 41.171097
20130617 40.81683
20130618 40.492043
20130619 40.196747
20130620 39.930927
20130621 39.694565
20130622 39.487633
20130623 39.3101
20130624 39.16194
20130625 39.04313
20130626 38.953636
20130627 38.89345
20130628 38.862556
20130629 38.860947
20130630 38.88862
20130701 38.945583
20130702 39.03185
20130703 39.147438
20130704 39.292366
20130705 39.46666
20130706 39.670353
20130707 39.903473
20130708 40.166046
20130709 40.45809
20130710 40.779625
20130711 41.130642
20130712 41.511116
20130713 41.920998
20130714 42.360184
20130715 42.828537
20130716 43.32583
20130717 43.851765
20130718 44.405926
20130719 44.987762
20130720 45.596554
20130721 46.231373
20130722 46.891045
20130723 47.57408
20130724 48.27865
20130725 49.00248
20130726 49.74282
20130727 50.496338
20130728 51.259056
20130729 52.026283
20130730 52.79253
20130731 53.55148
20130801 54.29594
20130802 55.01789
20130803 55.70851
20130804 56.35834
20130805 56.95748
20130806 57.495865
20130807 57.963627
20130808 58.35154
20130809 58.651436
20130810 58.856693
20130811 58.9626
20130812 58.966675
20130813 58.868824
20130814 58.67134
20130815 58.378765
20130816 57.997585
20130817 57.535854
20130818 57.002743
20130819 56.408073
20130820 55.761913
20130821 55.074184
20130822 54.354397
20130823 53.61142
20130824 52.853348
20130825 52.087437
20130826 51.320072
20130827 50.55681
20130828 49.8024
20130829 49.06088
20130830 48.335617
20130831 47.629425
20130901 46.944595
20130902 46.283005
20130903 45.64616
20130904 45.035255
20130905 44.45124
20130906 43.894855
20130907 43.366657
20130908 42.86707
20130909 42.396408
20130910 41.954895
20130911 41.542683
20130912 41.15987
20130913 40.806515
20130914 40.48264
20130915 40.188255
20130916 39.923347
20130917 39.687893
20130918 39.48187
20130919 39.30525
20130920 39.157993
20130921 39.04009
20130922 38.9515
20130923 38.89222
20130924 38.86223
20130925 38.861523
20130926 38.890102
20130927 38.94797
20130928 39.035145
20130929 39.151638
20130930 39.297474
20131001 39.47268
20131002 39.677284
20131003 39.911312
20131004 40.174797
20131005 40.46776
20131006 40.790203
20131007 41.142128
20131008 41.523514
20131009 41.9343
20131010 42.37439
20131011 42.843636
20131012 43.341816
20131013 43.86862
20131014 44.42364
20131015 45.00631
20131016 45.61591
20131017 46.251495
20131018 46.911892
20131019 47.5956
20131020 48.30077
20131021 49.025127
20131022 49.765892
20131023 50.51972
20131024 51.282608
20131025 52.049847
20131026 52.81592
20131027 53.574486
20131028 54.318325
20131029 55.03939
20131030 55.728844
20131031 56.377213
20131101 56.974575
20131102 57.51088
20131103 57.976273
20131104 58.36155
20131105 58.658592
20131106 58.860825
20131107 58.963608
20131108 58.964527
20131109 58.863567
20131110 58.66309
20131111 58.367702
20131112 57.983948
20131113 57.51992
20131114 56.984806
20131115 56.38845
20131116 55.740913
20131117 55.052113
20131118 54.331535
20131119 53.588028
20131120 52.829662
20131121 52.063663
20131122 51.296394
20131123 50.53338
20131124 49.77935
20131125 49.038322
20131126 48.31365
20131127 47.608112
20131128 46.924007
20131129 46.263184
20131130 45.627144
20131201 45.01708
20131202 44.433926
20131203 43.878418
20131204 43.351112
20131205 42.85243
20131206 42.38267
20131207 41.94207
20131208 41.53077
20131209 41.14887
20131210 40.796425
20131211 40.473465
20131212 40.17999
20131213 39.91599
20131214 39.68144
20131215 39.47632
20131216 39.300594
20131217 39.154243
20131218 39.03723
20131219 38.94954
20131220 38.891148
20131221 38.86205
20131222 38.862232
20131223 38.891697
20131224 38.950455
20131225 39.03851
20131226 39.155888
20131227 39.30261
20131228 39.478695
20131229 39.68418
20131230 39.919094
20131231 40.18346
20140101 40.477303
20140102 40.80063
20140103 41.153435
20140104 41.535698
20140105 41.947357
20140106 42.388317
20140107 42.858425
20140108 43.35746
20140109 43.885113
20140110 44.440956
20140111 45.024437
20140112 45.63482
20140113 46.271164
20140114 46.93227
20140115 47.616642
20140116 48.322414
20140117 49.0473
20140118 49.788494
20140119 50.542645
20140120 51.305725
20140121 52.073
20140122 52.838936
20140123 53.59715
20140124 54.340412
20140125 55.060646
20140126 55.74899
20140127 56.39595
20140128 56.991608
20140129 57.525906
20140130 57.989002
20140131 58.37172
20140201 58.665985
20140202 58.86527
20140203 58.965
20140204 58.962837
20140205 58.85883
20140206 58.65542
20140207 58.35727
20140208 57.970974
20140209 57.504673
20140210 56.967575
20140211 56.36954
20140212 55.720627
20140213 55.030743
20140214 54.309357
20140215 53.5653
20140216 52.80661
20140217 52.040493
20140218 51.27328
20140219 50.510475
20140220 49.75679
20140221 49.01621
20140222 48.292076
20140223 47.587154
20140224 46.903717
20140225 46.243618
20140226 45.608337
20140227 44.999065
20140228 44.416725
20140301 43.86205
20140302 43.335587
20140303 42.837757
20140304 42.368866
20140305 41.92913
20140306 41.518703
20140307 41.137676
20140308 40.786106
20140309 40.464024
20140310 40.171425
20140311 39.908302
20140312 39.674633
20140313 39.47039
20140314 39.295544
20140315 39.15007
20140316 39.03394
20140317 38.94713
20140318 38.889618
20140319 38.8614
20140320 38.86247
20140321 38.892822
20140322 38.952465
20140323 39.041416
20140324 39.159683
20140325 39.3073
20140326 39.484287
20140327 39.690674
20140328 39.92649
20140329 40.19176
20140330 40.48651
20140331 40.81075
20140401 41.164467
20140402 41.54764
20140403 41.960213
20140404 42.402084
20140405 42.8731
20140406 43.373035
20140407 43.90158
20140408 44.458305
20140409 45.04265
20140410 45.65387
20140411 46.291023
20140412 46.9529
20140413 47.637993
20140414 48.344425
20140415 49.069893
20140416 49.81158
20140417 50.566113
20140418 51.329445
20140419 52.096813
20140420 52.862656
20140421 53.620575
20140422 54.363304
20140423 55.08274
20140424 55.770008
20140425 56.41559
20140426 57.009552
20140427 57.54184
20140428 58.002632
20140429 58.382767
20140430 58.674213
20140501 58.870502
20140502 58.967117
20140503 58.961796
20140504 58.85466
20140505 58.64822
20140506 58.347214
20140507 57.958282
20140508 57.489605
20140509 56.95043
20140510 56.35062
20140511 55.70024
20140512 55.00919
20140513 54.286922
20140514 53.542244
20140515 52.78317
20140516 52.016876
20140517 51.24968
20140518 50.487045
20140519 49.73367
20140520 48.993515
20140521 48.269905
20140522 47.56559
20140523 46.882828
20140524 46.223454
20140525 45.588947
20140526 44.98048
20140527 44.39898
20140528 43.84516
20140529 43.319576
20140530 42.82264
20140531 42.35465
20140601 41.91582
20140602 41.50631
20140603 41.126198
20140604 40.77555
20140605 40.454388
20140606 40.162712
20140607 39.90051
20140608 39.667763
20140609 39.46444
20140610 39.290516
20140611 39.14596
20140612 39.030746
20140613 38.94485
20140614 38.88826
20140615 38.86096
20140616 38.862938
20140617 38.894207
20140618 38.954765
20140619 39.044624
20140620 39.16381
20140621 39.312336
20140622 39.49024
20140623 39.69754
20140624 39.93427
20140625 40.200455
20140626 40.496117
20140627 40.821266
20140628 41.1759
20140629 41.559986
20140630 41.973465
20140701 42.41624
20140702 42.888153
20140703 43.38898
20140704 43.9184
20140705 44.47599
20140706 45.061176
20140707 45.673214
20140708 46.31115
20140709 46.97377
20140710 47.659554
20140711 48.36661
20140712 49.092625
20140713 49.834766
20140714 50.589634
20140715 51.35317
20140716 52.12058
20140717 52.88628
20140718 53.643845
20140719 54.385983
20140720 55.10456
20140721 55.790684
20140722 56.43482
20140723 57.027027
20140724 57.55725
20140725 58.01568
20140726 58.393185
20140727 58.68177
20140728 58.87503
20140729 58.96851
20140730 58.960014
20140731 58.84975
20140801 58.640297
20140802 58.33645
20140803 57.944916
20140804 57.473907
20140805 56.9327
20140806 56.33117
20140807 55.67938
20140808 54.98722
20140809 54.26413
20140810 53.518883
20140811 52.759483
20140812 51.993073
20140813 51.225937
20140814 50.463524
20140815 49.710503
20140816 48.970814
20140817 48.247765
20140818 47.544086
20140819 46.862022
20140820 46.203403
20140821 45.569687
20140822 44.962044
20140823 44.381393
20140824 43.82844
20140825 43.30374
20140826 42.807697
20140827 42.34061
20140828 41.90269
20140829 41.494087
20140830 41.114895
20140831 40.765163
20140901 40.444916
20140902 40.154152
20140903 39.892868
20140904 39.661037
20140905 39.45863
20140906 39.285618
20140907 39.14198
20140908 39.02768
20140909 38.942696
20140910 38.88702
20140911 38.86063
20140912 38.86353
20140913 38.89571
20140914 38.957184
20140915 39.047962
20140916 39.168068
20140917 39.317516
20140918 39.496338
20140919 39.70456
20140920 39.942215
20140921 40.209324
20140922 40.505913
20140923 40.83199
20140924 41.187546
20140925 41.57255
20140926 41.986954
20140927 42.430645
20140928 42.90347
20140929 43.405197
20140930 43.935505
20141001 44.493965
20141002 45.08
20141003 45.692863
20141004 46.331585
20141005 46.99495
20141006 47.68142
20141007 48.3891
20141008 49.11565
20141009 49.85823
20141010 50.61342
20141011 51.377132
20141012 52.144558
20141013 52.910084
20141014 53.667255
20141015 54.408756
20141016 55.12643
20141017 55.811356
20141018 56.45399
20141019 57.044384
20141020 57.572475
20141021 58.02848
20141022 58.403297
20141023 58.688972
20141024 58.879154
20141025 58.969456
20141026 58.957764
20141027 58.844353
20141028 58.631874
20141029 58.325188
20141030 57.93106
20141031 57.457737
20141101 56.914516
20141102 56.31129
20141103 55.65812
20141104 54.96488
20141105 54.240997
20141106 53.495224
20141107 52.735527
20141108 51.969032
20141109 51.20199
20141110 50.43983
20141111 49.68719
20141112 48.947998
20141113 48.225533
20141114 47.522514
20141115 46.841175
20141116 46.183327
20141117 45.550423
20141118 44.943626
20141119 44.363842
20141120 43.81178
20141121 43.28798
20141122 42.792843
20141123 42.32667
20141124 41.889675
20141125 41.482
20141126 41.10373
20141127 40.754925
20141128 40.435604
20141129 40.145767
20141130 39.885406
20141201 39.6545
20141202 39.453014
20141203 39.280926
20141204 39.138203
20141205 39.02482
20141206 38.940754
20141207 38.88599
20141208 38.860516
20141209 38.864323
20141210 38.89742
20141211 38.9598
20141212 39.05149
20141213 39.1725
20141214 39.322857
20141215 39.502586
20141216 39.711716
20141217 39.95027
20141218 40.218285
20141219 40.515774
20141220 40.842747
20141221 41.199196
20141222 41.58509
20141223 42.000378
20141224 42.444942
20141225 42.91863
20141226 43.421207
20141227 43.952354
20141228 44.511635
20141229 45.09846
20141230 45.712086
20141231 46.351536
20150101 47.01558
20150102 47.702675
20150103 48.41091
20150104 49.13794
20150105 49.880898
20150106 50.636345
20150107 51.40018
20150108 52.16757
20150109 52.93287
20150110 53.68961
20150111 54.430443
20150112 55.14719
20150113 55.830914
20150114 56.47205
20150115 57.060646
20150116 57.586647
20150117 58.04028
20150118 58.41247
20150119 58.69532
20150120 58.88252
20150121 58.969757
20150122 58.954987
20150123 58.83855
20150124 58.623177
20150125 58.31379
20150126 57.91719
20150127 57.441673
20150128 56.896557
20150129 56.29174
20150130 55.637283
20150131 54.943054
20150201 54.218452
20150202 53.47221
20150203 52.71227
20150204 51.945724
20150205 51.17881
20150206 50.41692
20150207 49.66468
20150208 48.925987
20150209 48.20411
20150210 47.50175
20150211 46.82113
20150212 46.16404
20150213 45.531933
20150214 44.92596
20150215 44.347023
20150216 43.795822
20150217 43.272892
20150218 42.77864
20150219 42.313354
20150220 41.87725
20150221 41.470463
20150222 41.09309
20150223 40.745174
20150224 40.426743
20150225 40.1378
20150226 39.878326
20150227 39.648304
20150228 39.4477
20150301 39.276493
20150302 39.13465
20150303 39.022144
20150304 38.938957
20150305 38.88507
20150306 38.86047
20150307 38.865154
20150308 38.89912
20150309 38.96238
20150310 39.054943
20150311 39.17683
20150312 39.328064
20150313 39.50867
20150314 39.718678
20150315 39.95812
20150316 40.227013
20150317 40.525387
20150318 40.853245
20150319 41.21058
20150320 41.597363
20150321 42.013535
20150322 42.458984
20150323 42.93355
20150324 43.437004
20150325 43.969013
20150326 44.52914
20150327 45.1168
20150328 45.731228
20150329 46.371452
20150330 47.03623
20150331 47.724003
20150401 48.432854
20150402 49.160416
20150403 49.903816
20150404 50.659588
20150405 51.42361
20150406 52.191025
20150407 52.95617
20150408 53.71254
20150409 54.452766
20150410 55.16864
20150411 55.851204
20150412 56.490883
20150413 57.077713
20150414 57.601643
20150415 58.052914
20150416 58.422485
20150417 58.702488
20150418 58.88668
20150419 58.970818
20150420 58.952915
20150421 58.8334
20150422 58.61507
20150423 58.302902
20150424 57.903763
20150425 57.425976
20150426 56.878887
20150427 56.272408
20150428 55.616592
20150429 54.9213
20150430 54.19591
