Date ut MET
20080101 0.0 107632980.914992
20080102 0.0 107719380.914727
20080103 0.0 107805780.914431
20080104 0.0 107892180.914012
20080105 0.0 107978580.913554
20080106 0.0 108064980.912979
20080107 0.0 108151380.912288
20080108 0.0 108237780.91155
20080109 0.0 108324180.910667
20080110 0.0 108410580.909732
20080111 0.0 108496980.908678
20080112 0.0 108583380.907495
20080113 0.0 108669780.906237
20080114 0.0 108756180.904855
20080115 0.0 108842580.903378
20080116 0.0 108928980.901896
20080117 0.0 109015380.900276
20080118 0.0 109101780.898569
20080119 0.0 109188180.896731
20080120 0.0 109274580.894826
20080121 0.0 109360980.892868
20080122 0.0 109447380.890867
20080123 0.0 109533780.888853
20080124 0.0 109620180.886806
20080125 0.0 109706580.884802
20080126 0.0 109792980.882796
20080127 0.0 109879380.880836
20080128 0.0 109965780.87896
20080129 0.0 110052180.877122
20080130 0.0 110138580.8754
20080131 0.0 110224980.87379
20080201 0.0 110311380.872235
20080202 0.0 110397780.870853
20080203 0.0 110484180.869628
20080204 0.0 110570580.868403
20080205 0.0 110656980.867186
20080206 0.0 110743380.866222
20080207 0.0 110829780.865364
20080208 0.0 110916180.864559
20080209 0.0 111002580.863846
20080210 0.0 111088980.863336
20080211 0.0 111175380.862826
20080212 0.0 111261780.862333
20080213 0.0 111348180.861979
20080214 0.0 111434580.861645
20080215 0.0 111520980.86149
20080216 0.0 111607380.861334
20080217 0.0 111693780.861297
20080218 0.0 111780180.8613
20080219 0.0 111866580.927
20080220 0.0 111952981.142863
20080221 0.0 112039381.358726
20080222 0.0 112125781.586662
20080223 0.0 112212181.874953
20080224 0.0 112298582.174812
20080225 0.0 112384982.548863
20080226 0.0 112471382.976137
20080227 0.0 112557783.40341
20080228 0.0 112644183.830684
20080229 0.0 112730584.257957
20080301 0.0 112816984.68523
20080302 0.0 112903385.112504
20080303 0.0 112989785.55938
20080304 0.0 113076186.031342
20080305 0.0 113162586.503303
20080306 0.0 113248986.975265
20080307 0.0 113335387.447227
20080308 0.0 113421787.919189
20080309 0.0 113508188.39115
20080310 0.0 113594588.863317
20080311 0.0 113680989.368718
20080312 0.0 113767389.87412
20080313 0.0 113853790.379521
20080314 0.0 113940190.884923
20080315 0.0 114026591.390324
20080316 0.0 114112991.895726
20080317 0.0 114199392.407031
20080318 0.0 114285792.943626
20080319 0.0 114372193.480222
20080320 0.0 114458594.016818
20080321 0.0 114544994.553414
20080322 0.0 114631395.090009
20080323 0.0 114717795.626605
20080324 0.0 114804196.16889
20080325 0.0 114890596.731676
20080326 0.0 114976997.294462
20080327 0.0 115063397.857247
20080328 0.0 115149798.420033
20080329 0.0 115236198.973607
20080330 0.0 115322599.483068
20080331 0.0 115408999.992528
20080401 0.0 115495400.501989
20080402 0.0 115581801.01145
20080403 0.0 115668201.52091
20080404 0.0 115754602.030371
20080405 0.0 115841002.539831
20080406 0.0 115927403.039903
20080407 0.0 116013803.539724
20080408 0.0 116100204.039545
20080409 0.0 116186604.539366
20080410 0.0 116273005.039187
20080411 0.0 116359405.539008
20080412 0.0 116445806.036113
20080413 0.0 116532206.492202
20080414 0.0 116618606.948291
20080415 0.0 116705007.40438
20080416 0.0 116791407.860469
20080417 0.0 116877808.316558
20080418 0.0 116964208.772647
20080419 0.0 117050609.228736
20080420 0.0 117137009.663566
20080421 0.0 117223410.096977
20080422 0.0 117309810.530387
20080423 0.0 117396210.963798
20080424 0.0 117482611.397208
20080425 0.0 117569011.830619
20080426 0.0 117655412.264029
20080427 0.0 117741812.69744
20080428 0.0 117828213.125108
20080429 0.0 117914613.544009
20080430 0.0 118001013.962909
20080501 0.0 118087414.381809
20080502 0.0 118173814.80071
20080503 0.0 118260215.21961
20080504 0.0 118346615.608926
20080505 0.0 118433015.994674
20080506 0.0 118519416.380422
20080507 0.0 118605816.766171
20080508 0.0 118692217.151919
20080509 0.0 118778617.516134
20080510 0.0 118865017.758809
20080511 0.0 118951418.001485
20080512 0.0 119037818.244161
20080513 0.0 119124218.486837
20080514 0.0 119210618.729513
20080515 0.0 119297018.972189
20080516 0.0 119383419.214864
20080517 0.0 119469819.45754
20080518 0.0 119556219.550624
20080519 0.0 119642619.628475
20080520 0.0 119729019.706326
20080521 0.0 119815419.784177
20080522 0.0 119901819.862027
20080523 0.0 119988219.939878
20080524 0.0 120074620.017729
20080525 0.0 120161020.048122
20080526 0.0 120247419.962357
20080527 0.0 120333819.876592
20080528 0.0 120420219.790828
20080529 0.0 120506619.705063
20080530 0.0 120593019.619298
20080531 0.0 120679419.515
20080601 0.0 120765819.301401
20080602 0.0 120852219.087802
20080603 0.0 120938618.874202
20080604 0.0 121025018.691975
20080605 0.0 121111418.671829
20080606 0.0 121197818.651683
20080607 0.0 121284218.631537
20080608 0.0 121370618.611392
20080609 0.0 121457018.591246
20080610 0.0 121543418.5711
20080611 0.0 121629818.550954
20080612 0.0 121716218.530808
20080613 0.0 121802618.510662
20080614 0.0 121889018.515857
20080615 0.0 121975418.633841
20080616 0.0 122061818.751824
20080617 0.0 122148218.869808
20080618 0.0 122234618.987792
20080619 0.0 122321019.105775
20080620 0.0 122407419.223759
20080621 0.0 122493819.367573
20080622 0.0 122580219.591972
20080623 0.0 122666619.81637
20080624 0.0 122753020.040769
20080625 0.0 122839420.265168
20080626 0.0 122925820.489566
20080627 0.0 123012220.713965
20080628 0.0 123098620.959289
20080629 0.0 123185021.267456
20080630 0.0 123271421.575624
20080701 0.0 123357821.883791
20080702 0.0 123444222.191958
20080703 0.0 123530622.500126
20080704 0.0 123617022.823733
20080705 0.0 123703423.214759
20080706 0.0 123789823.605786
20080707 0.0 123876223.996813
20080708 0.0 123962624.387839
20080709 0.0 124049024.778866
20080710 0.0 124135425.169892
20080711 0.0 124221825.560919
20080712 0.0 124308225.9523
20080713 0.0 124394626.380374
20080714 0.0 124481026.808447
20080715 0.0 124567427.236521
20080716 0.0 124653827.664594
20080717 0.0 124740228.092668
20080718 0.0 124826628.520741
20080719 0.0 124913028.955704
20080720 0.0 124999429.422993
20080721 0.0 125085829.890282
20080722 0.0 125172230.357571
20080723 0.0 125258630.82486
20080724 0.0 125345031.292149
20080725 0.0 125431431.759439
20080726 0.0 125517832.227757
20080727 0.0 125604232.716948
20080728 0.0 125690633.206139
20080729 0.0 125777033.69533
20080730 0.0 125863434.184521
20080731 0.0 125949834.673712
20080801 0.0 126036235.162903
20080802 0.0 126122635.642872
20080803 0.0 126209036.105083
20080804 0.0 126295436.567295
20080805 0.0 126381837.029506
20080806 0.0 126468237.491718
20080807 0.0 126554637.953929
20080808 0.0 126641038.41614
20080809 0.0 126727438.859285
20080810 0.0 126813839.265868
20080811 0.0 126900239.672451
20080812 0.0 126986640.079034
20080813 0.0 127073040.485617
20080814 0.0 127159440.8922
20080815 0.0 127245841.298783
20080816 0.0 127332241.70705
20080817 0.0 127418642.117915
20080818 0.0 127505042.528781
20080819 0.0 127591442.939647
20080820 0.0 127677843.350513
20080821 0.0 127764243.630222
20080822 0.0 127850643.641315
20080823 0.0 127937043.650173
20080824 0.0 128023443.650984
20080825 0.0 128109843.651794
20080826 0.0 128196243.6526
20080827 0.0 128282643.653387
20080828 0.0 128369043.654135
20080829 0.0 128455443.65488
20080830 0.0 128541843.655604
20080831 0.0 128628243.656272
20080901 0.0 128714643.65694
20080902 0.0 128801043.657608
20080903 0.0 128887443.658268
20080904 0.0 128973843.658857
20080905 0.0 129060243.65945
20080906 0.0 129146643.659997
20080907 0.0 129233043.660485
20080908 0.0 129319443.660972
20080909 0.0 129405843.661449
20080910 0.0 129492243.661883
20080911 0.0 129578643.662272
20080912 0.0 129665043.662576
20080913 0.0 129751443.662877
20080914 0.0 129837843.66308
20080915 0.0 129924243.663283
20080916 0.0 130010643.663484
20080917 0.0 130097043.663577
20080918 0.0 130183443.663634
20080919 0.0 130269843.663621
20080920 0.0 130356243.663548
20080921 0.0 130442643.663366
20080922 0.0 130529043.663184
20080923 0.0 130615443.662922
20080924 0.0 130701843.662571
20080925 0.0 130788243.662133
20080926 0.0 130874643.661641
20080927 0.0 130961043.661032
20080928 0.0 131047443.660283
20080929 0.0 131133843.659501
20080930 0.0 131220243.658601
20081001 0.0 131306643.657619
20081002 0.0 131393043.656543
20081003 0.0 131479443.655333
20081004 0.0 131565843.654012
20081005 0.0 131652243.652582
20081006 0.0 131738643.651026
20081007 0.0 131825043.649406
20081008 0.0 131911443.64778
20081009 0.0 131997843.645965
20081010 0.0 132084243.644064
20081011 0.0 132170643.642091
20081012 0.0 132257043.640045
20081013 0.0 132343443.63792
20081014 0.0 132429843.635762
20081015 0.0 132516243.633572
20081016 0.0 132602643.631384
20081017 0.0 132689043.629217
20081018 0.0 132775443.627076
20081019 0.0 132861843.624976
20081020 0.0 132948243.622951
20081021 0.0 133034643.621067
20081022 0.0 133121043.619201
20081023 0.0 133207443.617467
20081024 0.0 133293843.615752
20081025 0.0 133380243.614148
20081026 0.0 133466643.612808
20081027 0.0 133553043.611469
20081028 0.0 133639443.610187
20081029 0.0 133725843.609092
20081030 0.0 133812243.608109
20081031 0.0 133898643.60724
20081101 0.0 133985043.606478
20081102 0.0 134071443.605877
20081103 0.0 134157843.605277
20081104 0.0 134244243.604676
20081105 0.0 134330643.604184
20081106 0.0 134417043.603818
20081107 0.0 134503443.603509
20081108 0.0 134589843.603263
20081109 0.0 134676243.603149
20081110 0.0 134762643.603035
20081111 0.0 134849043.602921
20081112 0.0 134935443.603012
20081113 0.0 135021843.603165
20081114 0.0 135108243.603297
20081115 0.0 135194643.603444
20081116 0.0 135281043.603711
20081117 0.0 135367443.603978
20081118 0.0 135453843.604245
20081119 0.0 135540243.604513
20081120 0.0 135626643.604849
20081121 0.0 135713043.605245
20081122 0.0 135799443.605645
20081123 0.0 135885843.606084
20081124 0.0 135972243.606553
20081125 0.0 136058643.607049
20081126 0.0 136145043.607561
20081127 0.0 136231443.608102
20081128 0.0 136317843.608657
20081129 0.0 136404243.609212
20081130 0.0 136490643.609786
20081201 0.0 136577043.610382
20081202 0.0 136663443.61099
20081203 0.0 136749843.690802
20081204 0.0 136836243.97097
20081205 0.0 136922644.239952
20081206 0.0 137009044.533345
20081207 0.0 137095444.908236
20081208 0.0 137181845.290704
20081209 0.0 137268245.655659
20081210 0.0 137354645.99752
20081211 0.0 137441046.380021
20081212 0.0 137527446.747672
20081213 0.0 137613847.122265
20081214 0.0 137700247.490388
20081215 0.0 137786647.832764
20081216 0.0 137873048.213484
20081217 0.0 137959448.636894
20081218 0.0 138045849.071907
20081219 0.0 138132249.518778
20081220 0.0 138218649.961652
20081221 0.0 138305050.397847
20081222 0.0 138391450.834041
20081223 0.0 138477851.270863
20081224 0.0 138564251.729057
20081225 0.0 138650652.143547
20081226 0.0 138737052.558038
20081227 0.0 138823452.972528
20081228 0.0 138909853.387019
20081229 0.0 138996253.801509
20081230 0.0 139082654.216
20081231 0.0 139169054.63049
20090101 0.0 139255456.044985
20090102 0.0 139341856.459476
20090103 0.0 139428256.873966
20090104 0.0 139514657.288457
20090105 0.0 139601057.702947
20090106 0.0 139687458.093577
20090107 0.0 139773858.439972
20090108 0.0 139860258.778265
20090109 0.0 139946659.107505
20090110 0.0 140033059.434347
20090111 0.0 140119459.738358
20090112 0.0 140205860.004911
20090113 0.0 140292260.236811
20090114 0.0 140378660.43518
20090115 0.0 140465060.590035
20090116 0.0 140551460.743091
20090117 0.0 140637860.853755
20090118 0.0 140724260.907781
20090119 0.0 140810660.961808
20090120 0.0 140897061.017054
20090121 0.0 140983461.122829
20090122 0.0 141069861.228406
20090123 0.0 141156261.313192
20090124 0.0 141242661.397978
20090125 0.0 141329061.482765
20090126 0.0 141415461.567551
20090127 0.0 141501861.639824
20090128 0.0 141588261.638652
20090129 0.0 141674661.637478
20090130 0.0 141761061.636142
20090131 0.0 141847461.634695
20090201 0.0 141933861.633059
20090202 0.0 142020261.63142
20090203 0.0 142106661.629755
20090204 0.0 142193061.627872
20090205 0.0 142279461.625986
20090206 0.0 142365861.623987
20090207 0.0 142452261.621877
20090208 0.0 142538661.619768
20090209 0.0 142625061.617659
20090210 0.0 142711461.615544
20090211 0.0 142797861.613422
20090212 0.0 142884261.611303
20090213 0.0 142970661.60926
20090214 0.0 143057061.607225
20090215 0.0 143143461.605363
20090216 0.0 143229861.603513
20090217 0.0 143316261.601665
20090218 0.0 143402661.600089
20090219 0.0 143489061.598526
20090220 0.0 143575461.596965
20090221 0.0 143661861.595601
20090222 0.0 143748261.594456
20090223 0.0 143834661.593315
20090224 0.0 143921061.592174
20090225 0.0 144007461.591237
20090226 0.0 144093861.590346
20090227 0.0 144180261.589611
20090228 0.0 144266661.588875
20090301 0.0 144353061.588337
20090302 0.0 144439461.587802
20090303 0.0 144525861.587327
20090304 0.0 144612261.586972
20090305 0.0 144698661.586625
20090306 0.0 144785061.586401
20090307 0.0 144871461.586191
20090308 0.0 144957861.586093
20090309 0.0 145044261.585994
20090310 0.0 145130661.585942
20090311 0.0 145217061.585969
20090312 0.0 145303461.586001
20090313 0.0 145389861.586119
20090314 0.0 145476261.586244
20090315 0.0 145562661.586454
20090316 0.0 145649061.586664
20090317 0.0 145735461.586878
20090318 0.0 145821861.587162
20090319 0.0 145908261.587461
20090320 0.0 145994661.587793
20090321 0.0 146081061.588147
20090322 0.0 146167461.588547
20090323 0.0 146253861.588947
20090324 0.0 146340261.589351
20090325 0.0 146426661.589796
20090326 0.0 146513061.590254
20090327 0.0 146599461.590729
20090328 0.0 146685861.591221
20090329 0.0 146772261.591737
20090330 0.0 146858661.592253
20090331 0.0 146945061.592768
20090401 0.0 147031461.593286
20090402 0.0 147117861.593834
20090403 0.0 147204261.594384
20090404 0.0 147290661.594938
20090405 0.0 147377061.5955
20090406 0.0 147463461.596062
20090407 0.0 147549861.596626
20090408 0.0 147636261.597203
20090409 0.0 147722661.59778
20090410 0.0 147809061.598339
20090411 0.0 147895461.59889
20090412 0.0 147981861.599451
20090413 0.0 148068261.600013
20090414 0.0 148154661.600567
20090415 0.0 148241061.601111
20090416 0.0 148327461.601656
20090417 0.0 148413861.602191
20090418 0.0 148500261.602713
20090419 0.0 148586661.603216
20090420 0.0 148673061.603719
20090421 0.0 148759461.604218
20090422 0.0 148845861.604693
20090423 0.0 148932261.605151
20090424 0.0 149018661.605589
20090425 0.0 149105061.606022
20090426 0.0 149191461.606407
20090427 0.0 149277861.606793
20090428 0.0 149364261.607173
20090429 0.0 149450661.607502
20090430 0.0 149537061.607822
20090501 0.0 149623461.608088
20090502 0.0 149709861.608351
20090503 0.0 149796261.608544
20090504 0.0 149882661.608738
20090505 0.0 149969061.608918
20090506 0.0 150055461.609021
20090507 0.0 150141861.60911
20090508 0.0 150228261.60915
20090509 0.0 150314661.609115
20090510 0.0 150401061.609019
20090511 0.0 150487461.608922
20090512 0.0 150573861.608795
20090513 0.0 150660261.608564
20090514 0.0 150746661.608301
20090515 0.0 150833061.607933
20090516 0.0 150919461.607556
20090517 0.0 151005861.607024
20090518 0.0 151092261.606491
20090519 0.0 151178661.605911
20090520 0.0 151265061.60517
20090521 0.0 151351461.604425
20090522 0.0 151437861.603517
20090523 0.0 151524261.6026
20090524 0.0 151610661.601374
20090525 0.0 151697061.600148
20090526 0.0 151783461.598921
20090527 0.0 151869861.597693
20090528 0.0 151956261.596205
20090529 0.0 152042661.594585
20090530 0.0 152129061.592905
20090531 0.0 152215461.591016
20090601 0.0 152301861.589126
20090602 0.0 152388261.58724
20090603 0.0 152474661.585153
20090604 0.0 152561061.583053
20090605 0.0 152647461.580817
20090606 0.0 152733861.578591
20090607 0.0 152820261.576391
20090608 0.0 152906661.574175
20090609 0.0 152993061.571959
20090610 0.0 153079461.569743
20090611 0.0 153165861.567527
20090612 0.0 153252261.565329
20090613 0.0 153338661.563298
20090614 0.0 153425061.56144
20090615 0.0 153511461.559592
20090616 0.0 153597861.557747
20090617 0.0 153684261.55613
20090618 0.0 153770661.554567
20090619 0.0 153857061.553165
20090620 0.0 153943461.551803
20090621 0.0 154029861.550648
20090622 0.0 154116261.549493
20090623 0.0 154202661.548339
20090624 0.0 154289061.547415
20090625 0.0 154375461.54654
20090626 0.0 154461861.545819
20090627 0.0 154548261.5451
20090628 0.0 154634661.544546
20090629 0.0 154721061.544008
20090630 0.0 154807461.543471
20090701 0.0 154893861.543099
20090702 0.0 154980261.542747
20090703 0.0 155066661.542429
20090704 0.0 155153061.54226
20090705 0.0 155239461.542112
20090706 0.0 155325861.541963
20090707 0.0 155412261.541814
20090708 0.0 155498661.541796
20090709 0.0 155585061.54542
20090710 0.0 155671461.894144
20090711 0.0 155757862.295887
20090712 0.0 155844262.710932
20090713 0.0 155930663.125394
20090714 0.0 156017063.539737
20090715 0.0 156103463.946993
20090716 0.0 156189864.324301
20090717 0.0 156276264.657916
20090718 0.0 156362664.673832
20090719 0.0 156449064.674197
20090720 0.0 156535464.674581
20090721 0.0 156621864.674978
20090722 0.0 156708264.675398
20090723 0.0 156794664.675824
20090724 0.0 156881064.676269
20090725 0.0 156967464.676725
20090726 0.0 157053864.677192
20090727 0.0 157140264.67767
20090728 0.0 157226664.678151
20090729 0.0 157313064.678643
20090730 0.0 157399464.679143
20090731 0.0 157485864.679651
20090801 0.0 157572264.680158
20090802 0.0 157658664.680667
20090803 0.0 157745064.681187
20090804 0.0 157831464.681707
20090805 0.0 157917864.682263
20090806 0.0 158004264.68276
20090807 0.0 158090664.683258
20090808 0.0 158177064.683761
20090809 0.0 158263464.684271
20090810 0.0 158349864.684781
20090811 0.0 158436264.685293
20090812 0.0 158522664.685816
20090813 0.0 158609064.686278
20090814 0.0 158695464.68674
20090815 0.0 158781864.687202
20090816 0.0 158868264.687641
20090817 0.0 158954664.688082
20090818 0.0 159041064.688522
20090819 0.0 159127464.688934
20090820 0.0 159213864.689328
20090821 0.0 159300264.689712
20090822 0.0 159386664.690041
20090823 0.0 159473064.690356
20090824 0.0 159559464.69067
20090825 0.0 159645864.690985
20090826 0.0 159732264.69126
20090827 0.0 159818664.691507
20090828 0.0 159905064.691689
20090829 0.0 159991464.69187
20090830 0.0 160077864.69199
20090831 0.0 160164264.692111
20090901 0.0 160250664.692216
20090902 0.0 160337064.780657
20090903 0.0 160423464.999685
20090904 0.0 160509865.158891
20090905 0.0 160596265.274406
20090906 0.0 160682665.295848
20090907 0.0 160769065.31729
20090908 0.0 160855465.338732
20090909 0.0 160941865.356198
20090910 0.0 161028265.354637
20090911 0.0 161114665.354198
20090912 0.0 161201065.3537
20090913 0.0 161287465.353065
20090914 0.0 161373865.35243
20090915 0.0 161460265.351792
20090916 0.0 161546665.350945
20090917 0.0 161633065.350056
20090918 0.0 161719465.349031
20090919 0.0 161805865.347937
20090920 0.0 161892265.346738
20090921 0.0 161978665.34544
20090922 0.0 162065065.344076
20090923 0.0 162151465.342535
20090924 0.0 162237865.340918
20090925 0.0 162324265.339192
20090926 0.0 162410665.337391
20090927 0.0 162497065.335464
20090928 0.0 162583465.333456
20090929 0.0 162669865.331338
20090930 0.0 162756265.329202
20091001 0.0 162842665.327062
20091002 0.0 162929065.324847
20091003 0.0 163015465.322589
20091004 0.0 163101865.320302
20091005 0.0 163188265.317971
20091006 0.0 163274665.315676
20091007 0.0 163361065.313415
20091008 0.0 163447465.311178
20091009 0.0 163533865.309014
20091010 0.0 163620265.293814
20091011 0.0 163706665.215996
20091012 0.0 163793065.138178
20091013 0.0 163879465.06036
20091014 0.0 163965864.982334
20091015 0.0 164052264.89612
20091016 0.0 164138664.723956
20091017 0.0 164225064.58292
20091018 0.0 164311464.489987
20091019 0.0 164397864.397054
20091020 0.0 164484264.304298
20091021 0.0 164570664.212651
20091022 0.0 164657064.116982
20091023 0.0 164743464.020646
20091024 0.0 164829863.922136
20091025 0.0 164916263.898386
20091026 0.0 165002663.874635
20091027 0.0 165089063.85344
20091028 0.0 165175463.949261
20091029 0.0 165261864.091182
20091030 0.0 165348264.280429
20091031 0.0 165434664.444157
20091101 0.0 165521064.569195
20091102 0.0 165607464.694233
20091103 0.0 165693864.817907
20091104 0.0 165780264.902497
20091105 0.0 165866665.00473
20091106 0.0 165953065.125261
20091107 0.0 166039465.273123
20091108 0.0 166125865.420984
20091109 0.0 166212265.568846
20091110 0.0 166298665.716708
20091111 0.0 166385065.86457
20091112 0.0 166471466.012431
20091113 0.0 166557866.160293
20091114 0.0 166644266.316988
20091115 0.0 166730666.513053
20091116 0.0 166817066.726772
20091117 0.0 166903466.952234
20091118 0.0 166989867.186306
20091119 0.0 167076267.431722
20091120 0.0 167162667.682142
20091121 0.0 167249067.918325
20091122 0.0 167335468.154686
20091123 0.0 167421868.382835
20091124 0.0 167508268.617483
20091125 0.0 167594668.831654
20091126 0.0 167681069.117756
20091127 0.0 167767469.487734
20091128 0.0 167853869.862189
20091129 0.0 167940270.249036
20091130 0.0 168026670.646274
20091201 0.0 168113071.048452
20091202 0.0 168199471.449183
20091203 0.0 168285871.849627
20091204 0.0 168372272.206685
20091205 0.0 168458672.512463
20091206 0.0 168545072.804213
20091207 0.0 168631473.096051
20091208 0.0 168717873.329526
20091209 0.0 168804273.329726
20091210 0.0 168890673.329927
20091211 0.0 168977073.330095
20091212 0.0 169063473.330199
20091213 0.0 169149873.330302
20091214 0.0 169236273.330406
20091215 0.0 169322673.330505
20091216 0.0 169409073.330525
20091217 0.0 169495473.330534
20091218 0.0 169581873.33049
20091219 0.0 169668273.330441
20091220 0.0 169754673.330273
20091221 0.0 169841073.330106
20091222 0.0 169927473.329932
20091223 0.0 170013873.329629
20091224 0.0 170100273.329304
20091225 0.0 170186673.328924
20091226 0.0 170273073.328393
20091227 0.0 170359473.327861
20091228 0.0 170445873.32733
20091229 0.0 170532273.326794
20091230 0.0 170618673.326078
20091231 0.0 170705073.325239
20100101 0.0 170791473.324323
20100102 0.0 170877873.323247
20100103 0.0 170964273.32217
20100104 0.0 171050673.321093
20100105 0.0 171137073.320008
20100106 0.0 171223473.318634
20100107 0.0 171309873.317254
20100108 0.0 171396273.31568
20100109 0.0 171482673.314103
20100110 0.0 171569073.312296
20100111 0.0 171655473.310489
20100112 0.0 171741873.308654
20100113 0.0 171828273.306607
20100114 0.0 171914673.304559
20100115 0.0 172001073.302484
20100116 0.0 172087473.300338
20100117 0.0 172173873.298125
20100118 0.0 172260273.295913
20100119 0.0 172346673.293706
20100120 0.0 172433073.291508
20100121 0.0 172519473.289309
20100122 0.0 172605873.287206
20100123 0.0 172692273.285114
20100124 0.0 172778673.283182
20100125 0.0 172865073.28125
20100126 0.0 172951473.279321
20100127 0.0 173037873.277613
20100128 0.0 173124273.275913
20100129 0.0 173210673.274401
20100130 0.0 173297073.272899
20100131 0.0 173383473.271616
20100201 0.0 173469873.270333
20100202 0.0 173556273.26908
20100203 0.0 173642673.268005
20100204 0.0 173729073.266994
20100205 0.0 173815473.266084
20100206 0.0 173901873.265263
20100207 0.0 173988273.264562
20100208 0.0 174074673.263862
20100209 0.0 174161073.263172
20100210 0.0 174247473.262619
20100211 0.0 174333873.262119
20100212 0.0 174420273.26169
20100213 0.0 174506673.261288
20100214 0.0 174593073.26101
20100215 0.0 174679473.260732
20100216 0.0 174765873.260461
20100217 0.0 174852273.260257
20100218 0.0 174938673.260092
20100219 0.0 175025073.259982
20100220 0.0 175111473.25988
20100221 0.0 175197873.25986
20100222 0.0 175284273.25984
20100223 0.0 175370673.259831
20100224 0.0 175457073.259874
20100225 0.0 175543473.259919
20100226 0.0 175629873.260001
20100227 0.0 175716273.260108
20100228 0.0 175802673.260249
20100301 0.0 175889073.260391
20100302 0.0 175975473.260531
20100303 0.0 176061873.260674
20100304 0.0 176148273.260874
20100305 0.0 176234673.261073
20100306 0.0 176321073.261267
20100307 0.0 176407473.261481
20100308 0.0 176493873.261704
20100309 0.0 176580273.261925
20100310 0.0 176666673.262132
20100311 0.0 176753073.262339
20100312 0.0 176839473.262548
20100313 0.0 176925873.262764
20100314 0.0 177012273.262979
20100315 0.0 177098673.263195
20100316 0.0 177185073.263409
20100317 0.0 177271473.26362
20100318 0.0 177357873.263827
20100319 0.0 177444273.263992
20100320 0.0 177530673.264149
20100321 0.0 177617073.264297
20100322 0.0 177703473.264445
20100323 0.0 177789873.26459
20100324 0.0 177876273.264711
20100325 0.0 177962673.26482
20100326 0.0 178049073.264861
20100327 0.0 178135473.2649
20100328 0.0 178221873.264924
20100329 0.0 178308273.264948
20100330 0.0 178394673.264966
20100331 0.0 178481073.264886
20100401 0.0 178567473.264806
20100402 0.0 178653873.264671
20100403 0.0 178740273.264531
20100404 0.0 178826673.264296
20100405 0.0 178913073.264061
20100406 0.0 178999473.263824
20100407 0.0 179085873.263506
20100408 0.0 179172273.263139
20100409 0.0 179258673.262764
20100410 0.0 179345073.262207
20100411 0.0 179431473.261593
20100412 0.0 179517873.260979
20100413 0.0 179604273.260357
20100414 0.0 179690673.259608
20100415 0.0 179777073.25879
20100416 0.0 179863473.257935
20100417 0.0 179949873.256885
20100418 0.0 180036273.255723
20100419 0.0 180122673.254561
20100420 0.0 180209073.253386
20100421 0.0 180295473.251978
20100422 0.0 180381873.250567
20100423 0.0 180468273.248945
20100424 0.0 180554673.247306
20100425 0.0 180641073.245533
20100426 0.0 180727473.243577
20100427 0.0 180813873.241621
20100428 0.0 180900273.239664
20100429 0.0 180986673.237693
20100430 0.0 181073073.235451
20100501 0.0 181159473.233218
20100502 0.0 181245873.230932
20100503 0.0 181332273.228645
20100504 0.0 181418673.226352
20100505 0.0 181505073.22404
20100506 0.0 181591473.221766
20100507 0.0 181677873.21954
20100508 0.0 181764273.217312
20100509 0.0 181850673.215183
20100510 0.0 181937073.213072
20100511 0.0 182023473.21104
20100512 0.0 182109873.20915
20100513 0.0 182196273.207261
20100514 0.0 182282673.205578
20100515 0.0 182369073.203919
20100516 0.0 182455473.202465
20100517 0.0 182541873.201012
20100518 0.0 182628273.19961
20100519 0.0 182714673.198392
20100520 0.0 182801073.197204
20100521 0.0 182887473.196156
20100522 0.0 182973873.195134
20100523 0.0 183060273.194286
20100524 0.0 183146673.193439
20100525 0.0 183233073.192619
20100526 0.0 183319473.191945
20100527 0.0 183405873.191285
20100528 0.0 183492273.190742
20100529 0.0 183578673.190228
20100530 0.0 183665073.189807
20100531 0.0 183751473.189385
20100601 0.0 183837873.188976
20100602 0.0 183924273.188674
20100603 0.0 184010673.18839
20100604 0.0 184097073.188192
20100605 0.0 184183473.187993
20100606 0.0 184269873.187794
20100607 0.0 184356273.187668
20100608 0.0 184442673.187557
20100609 0.0 184529073.187489
20100610 0.0 184615473.187429
20100611 0.0 184701873.187422
20100612 0.0 184788273.187409
20100613 0.0 184874673.187435
20100614 0.0 184961073.187469
20100615 0.0 185047473.187508
20100616 0.0 185133873.187587
20100617 0.0 185220273.187669
20100618 0.0 185306673.18777
20100619 0.0 185393073.187874
20100620 0.0 185479473.187994
20100621 0.0 185565873.188114
20100622 0.0 185652273.188239
20100623 0.0 185738673.188379
20100624 0.0 185825073.188507
20100625 0.0 185911473.188636
20100626 0.0 185997873.188765
20100627 0.0 186084273.188896
20100628 0.0 186170673.189026
20100629 0.0 186257073.189158
20100630 0.0 186343473.189294
20100701 0.0 186429873.189386
20100702 0.0 186516273.189489
20100703 0.0 186602673.189589
20100704 0.0 186689073.18966
20100705 0.0 186775473.189731
20100706 0.0 186861873.189802
20100707 0.0 186948273.189864
20100708 0.0 187034673.189896
20100709 0.0 187121073.18988
20100710 0.0 187207473.189862
20100711 0.0 187293873.189806
20100712 0.0 187380273.189751
20100713 0.0 187466673.189674
20100714 0.0 187553073.189538
20100715 0.0 187639473.18939
20100716 0.0 187725873.189192
20100717 0.0 187812273.188979
20100718 0.0 187898673.188688
20100719 0.0 187985073.188397
20100720 0.0 188071473.188071
20100721 0.0 188157873.187638
20100722 0.0 188244273.187205
20100723 0.0 188330673.186758
20100724 0.0 188417073.186198
20100725 0.0 188503473.185534
20100726 0.0 188589873.184869
20100727 0.0 188676273.184195
20100728 0.0 188762673.183365
20100729 0.0 188849073.182536
20100730 0.0 188935473.181644
20100731 0.0 189021873.180596
20100801 0.0 189108273.179421
20100802 0.0 189194673.178246
20100803 0.0 189281073.177017
20100804 0.0 189367473.175613
20100805 0.0 189453873.174206
20100806 0.0 189540273.172611
20100807 0.0 189626673.170953
20100808 0.0 189713073.16909
20100809 0.0 189799473.167227
20100810 0.0 189885873.165364
20100811 0.0 189972273.163364
20100812 0.0 190058673.161237
20100813 0.0 190145073.159072
20100814 0.0 190231473.156797
20100815 0.0 190317873.154453
20100816 0.0 190404273.152109
20100817 0.0 190490673.149765
20100818 0.0 190577073.147376
20100819 0.0 190663473.145007
20100820 0.0 190749873.142619
20100821 0.0 190836273.140311
20100822 0.0 190922673.138043
20100823 0.0 191009073.135845
20100824 0.0 191095473.133716
20100825 0.0 191181873.131672
20100826 0.0 191268273.129727
20100827 0.0 191354673.127865
20100828 0.0 191441073.126107
20100829 0.0 191527473.124441
20100830 0.0 191613873.122869
20100831 0.0 191700273.1214
20100901 0.0 191786673.120038
20100902 0.0 191873073.118794
20100903 0.0 191959473.11756
20100904 0.0 192045873.116474
20100905 0.0 192132273.115563
20100906 0.0 192218673.114651
20100907 0.0 192305073.11374
20100908 0.0 192391473.112863
20100909 0.0 192477873.112114
20100910 0.0 192564273.111491
20100911 0.0 192650673.110903
20100912 0.0 192737073.110423
20100913 0.0 192823473.109943
20100914 0.0 192909873.109478
20100915 0.0 192996273.109098
20100916 0.0 193082673.10873
20100917 0.0 193169073.108448
20100918 0.0 193255473.108179
20100919 0.0 193341873.107983
20100920 0.0 193428273.107788
20100921 0.0 193514673.107609
20100922 0.0 193601073.107499
20100923 0.0 193687473.107388
20100924 0.0 193773873.107281
20100925 0.0 193860273.107187
20100926 0.0 193946673.107195
20100927 0.0 194033073.107203
20100928 0.0 194119473.107213
20100929 0.0 194205873.107234
20100930 0.0 194292273.107276
20101001 0.0 194378673.107362
20101002 0.0 194465073.107433
20101003 0.0 194551473.107517
20101004 0.0 194637873.1076
20101005 0.0 194724273.10768
20101006 0.0 194810673.107804
20101007 0.0 194897073.107926
20101008 0.0 194983473.108041
20101009 0.0 195069873.108218
20101010 0.0 195156273.108391
20101011 0.0 195242673.108527
20101012 0.0 195329073.108665
20101013 0.0 195415473.108802
20101014 0.0 195501873.108937
20101015 0.0 195588273.10902
20101016 0.0 195674673.10909
20101017 0.0 195761073.109146
20101018 0.0 195847473.109201
20101019 0.0 195933873.109257
20101020 0.0 196020273.109254
20101021 0.0 196106673.109244
20101022 0.0 196193073.109228
20101023 0.0 196279473.10921
20101024 0.0 196365873.109129
20101025 0.0 196452273.109048
20101026 0.0 196538673.108963
20101027 0.0 196625073.108782
20101028 0.0 196711473.108601
20101029 0.0 196797873.10842
20101030 0.0 196884273.108237
20101031 0.0 196970673.107928
20101101 0.0 197057073.10762
20101102 0.0 197143473.107286
20101103 0.0 197229873.106895
20101104 0.0 197316273.106483
20101105 0.0 197402673.106027
20101106 0.0 197489073.105448
20101107 0.0 197575473.104818
20101108 0.0 197661873.104188
20101109 0.0 197748273.103517
20101110 0.0 197834673.102745
20101111 0.0 197921073.101893
20101112 0.0 198007473.100967
20101113 0.0 198093873.099957
20101114 0.0 198180273.098768
20101115 0.0 198266673.097579
20101116 0.0 198353073.09639
20101117 0.0 198439473.095192
20101118 0.0 198525873.093728
20101119 0.0 198612273.092262
20101120 0.0 198698673.090663
20101121 0.0 198785073.088903
20101122 0.0 198871473.087139
20101123 0.0 198957873.085229
20101124 0.0 199044273.083214
20101125 0.0 199130673.08112
20101126 0.0 199217073.078912
20101127 0.0 199303473.076697
20101128 0.0 199389873.074329
20101129 0.0 199476273.07196
20101130 0.0 199562673.069592
20101201 0.0 199649073.067223
20101202 0.0 199735473.064813
20101203 0.0 199821873.062427
20101204 0.0 199908273.060063
20101205 0.0 199994673.057772
20101206 0.0 200081073.05548
20101207 0.0 200167473.053238
20101208 0.0 200253873.05112
20101209 0.0 200340273.049027
20101210 0.0 200426673.047066
20101211 0.0 200513073.045248
20101212 0.0 200599473.043555
20101213 0.0 200685873.041863
20101214 0.0 200772273.040216
20101215 0.0 200858673.038785
20101216 0.0 200945073.037377
20101217 0.0 201031473.036156
20101218 0.0 201117873.034934
20101219 0.0 201204273.033787
20101220 0.0 201290673.032837
20101221 0.0 201377073.031887
20101222 0.0 201463473.030936
20101223 0.0 201549873.030082
20101224 0.0 201636273.029336
20101225 0.0 201722673.028731
20101226 0.0 201809073.028126
20101227 0.0 201895473.027522
20101228 0.0 201981873.026948
20101229 0.0 202068273.026499
20101230 0.0 202154673.026062
20101231 0.0 202241073.025698
20110101 0.0 202327473.025419
20110102 0.0 202413873.02514
20110103 0.0 202500273.02486
20110104 0.0 202586673.024593
20110105 0.0 202673073.024429
20110106 0.0 202759473.024268
20110107 0.0 202845873.024145
20110108 0.0 202932273.02402
20110109 0.0 203018673.023944
20110110 0.0 203105073.023877
20110111 0.0 203191473.023814
20110112 0.0 203277873.023797
20110113 0.0 203364273.023784
20110114 0.0 203450673.023795
20110115 0.0 203537073.023815
20110116 0.0 203623473.023856
20110117 0.0 203709873.023898
20110118 0.0 203796273.023939
20110119 0.0 203882673.023983
20110120 0.0 203969073.024029
20110121 0.0 204055473.024107
20110122 0.0 204141873.024174
20110123 0.0 204228273.024234
20110124 0.0 204314673.024297
20110125 0.0 204401073.024358
20110126 0.0 204487473.024409
20110127 0.0 204573873.02446
20110128 0.0 204660273.024517
20110129 0.0 204746673.024573
20110130 0.0 204833073.024586
20110131 0.0 204919473.024624
20110201 0.0 205005873.024613
20110202 0.0 205092273.024608
20110203 0.0 205178673.02458
20110204 0.0 205265073.02455
20110205 0.0 205351473.024495
20110206 0.0 205437873.024397
20110207 0.0 205524273.0243
20110208 0.0 205610673.024197
20110209 0.0 205697073.024043
20110210 0.0 205783473.023863
20110211 0.0 205869873.023666
20110212 0.0 205956273.023415
20110213 0.0 206042673.023134
20110214 0.0 206129073.022836
20110215 0.0 206215473.022473
20110216 0.0 206301873.022083
20110217 0.0 206388273.021639
20110218 0.0 206474673.021147
20110219 0.0 206561073.020597
20110220 0.0 206647473.019942
20110221 0.0 206733873.019287
20110222 0.0 206820273.018627
20110223 0.0 206906673.017856
20110224 0.0 206993073.017006
20110225 0.0 207079473.016095
20110226 0.0 207165873.015113
20110227 0.0 207252273.014045
20110228 0.0 207338673.012898
20110301 0.0 207425073.011661
20110302 0.0 207511473.010355
20110303 0.0 207597873.008938
20110304 0.0 207684273.004289
20110305 0.0 207770672.961912
20110306 0.0 207857072.776538
20110307 0.0 207943472.560494
20110308 0.0 208029872.324692
20110309 0.0 208116272.039406
20110310 0.0 208202671.716755
20110311 0.0 208289071.381094
20110312 0.0 208375471.023457
20110313 0.0 208461870.625446
20110314 0.0 208548270.202237
20110315 0.0 208634669.781585
20110316 0.0 208721069.368866
20110317 0.0 208807468.92052
20110318 0.0 208893868.479563
20110319 0.0 208980268.341718
20110320 0.0 209066668.339415
20110321 0.0 209153068.337152
20110322 0.0 209239468.334944
20110323 0.0 209325868.332784
20110324 0.0 209412268.330716
20110325 0.0 209498668.328661
20110326 0.0 209585068.326706
20110327 0.0 209671468.324824
20110328 0.0 209757868.323021
20110329 0.0 209844268.32132
20110330 0.0 209930668.319668
20110331 0.0 210017068.31808
20110401 0.0 210103468.316538
20110402 0.0 210189868.315113
20110403 0.0 210276268.313739
20110404 0.0 210362668.312434
20110405 0.0 210449068.311176
20110406 0.0 210535468.30999
20110407 0.0 210621868.308864
20110408 0.0 210708268.307804
20110409 0.0 210794668.306796
20110410 0.0 210881068.305814
20110411 0.0 210967468.304897
20110412 0.0 211053868.304024
20110413 0.0 211140268.303167
20110414 0.0 211226668.302382
20110415 0.0 211313068.301622
20110416 0.0 211399468.30085
20110417 0.0 211485868.300134
20110418 0.0 211572268.299446
20110419 0.0 211658668.298817
20110420 0.0 211745068.298176
20110421 0.0 211831468.297569
20110422 0.0 211917868.296959
20110423 0.0 212004268.296362
20110424 0.0 212090668.295787
20110425 0.0 212177068.295225
20110426 0.0 212263468.294672
20110427 0.0 212349868.294138
20110428 0.0 212436268.293594
20110429 0.0 212522668.293033
20110430 0.0 212609068.292494
20110501 0.0 212695468.291926
20110502 0.0 212781868.291373
20110503 0.0 212868268.290822
20110504 0.0 212954668.290272
20110505 0.0 213041068.289689
20110506 0.0 213127468.289089
20110507 0.0 213213868.288481
20110508 0.0 213300268.287857
20110509 0.0 213386668.287213
20110510 0.0 213473068.286548
20110511 0.0 213559468.285858
20110512 0.0 213645868.285137
20110513 0.0 213732268.284381
20110514 0.0 213818668.283597
20110515 0.0 213905068.28278
20110516 0.0 213991468.281926
20110517 0.0 214077868.281035
20110518 0.0 214164268.280096
20110519 0.0 214250668.279123
20110520 0.0 214337068.27812
20110521 0.0 214423468.277015
20110522 0.0 214509868.275884
20110523 0.0 214596268.274714
20110524 0.0 214682668.273437
20110525 0.0 214769068.272119
20110526 0.0 214855468.270732
20110527 0.0 214941868.269291
20110528 0.0 215028268.267768
20110529 0.0 215114668.266171
20110530 0.0 215201068.264496
20110531 0.0 215287468.26274
20110601 0.0 215373868.260927
20110602 0.0 215460268.259019
20110603 0.0 215546668.257046
20110604 0.0 215633068.254993
20110605 0.0 215719468.252884
20110606 0.0 215805868.250696
20110607 0.0 215892268.248454
20110608 0.0 215978668.246152
20110609 0.0 216065068.243803
20110610 0.0 216151468.241408
20110611 0.0 216237868.238995
20110612 0.0 216324268.236545
20110613 0.0 216410668.234112
20110614 0.0 216497068.231681
20110615 0.0 216583468.042178
20110616 0.0 216669867.630836
20110617 0.0 216756267.593991
20110618 0.0 216842667.591701
20110619 0.0 216929067.589474
20110620 0.0 217015467.587304
20110621 0.0 217101867.585196
20110622 0.0 217188267.583146
20110623 0.0 217274667.581193
20110624 0.0 217361067.579311
20110625 0.0 217447467.577502
20110626 0.0 217533867.575773
20110627 0.0 217620267.574117
20110628 0.0 217706667.572537
20110629 0.0 217793067.571017
20110630 0.0 217879467.569575
20110701 0.0 217965867.568188
20110702 0.0 218052267.566883
20110703 0.0 218138667.565632
20110704 0.0 218225067.56444
20110705 0.0 218311467.563306
20110706 0.0 218397867.562223
20110707 0.0 218484267.561187
20110708 0.0 218570667.560196
20110709 0.0 218657067.559251
20110710 0.0 218743467.558348
20110711 0.0 218829867.557483
20110712 0.0 218916267.556656
20110713 0.0 219002667.555858
20110714 0.0 219089067.555098
20110715 0.0 219175467.55435
20110716 0.0 219261867.553646
20110717 0.0 219348267.55296
20110718 0.0 219434667.552282
20110719 0.0 219521067.551632
20110720 0.0 219607467.550995
20110721 0.0 219693867.550374
20110722 0.0 219780267.549755
20110723 0.0 219866667.549135
20110724 0.0 219953067.548537
20110725 0.0 220039467.547949
20110726 0.0 220125867.527268
20110727 0.0 220212267.483186
20110728 0.0 220298667.471352
20110729 0.0 220385067.470759
20110730 0.0 220471467.470135
20110731 0.0 220557867.469529
20110801 0.0 220644267.468923
20110802 0.0 220730667.468287
20110803 0.0 220817067.467638
20110804 0.0 220903467.46697
20110805 0.0 220989867.466283
20110806 0.0 221076267.465568
20110807 0.0 221162667.464815
20110808 0.0 221249067.464061
20110809 0.0 221335467.463292
20110810 0.0 221421867.462471
20110811 0.0 221508267.461613
20110812 0.0 221594667.460724
20110813 0.0 221681067.45979
20110814 0.0 221767467.458804
20110815 0.0 221853867.457803
20110816 0.0 221940267.456739
20110817 0.0 222026667.455625
20110818 0.0 222113067.454459
20110819 0.0 222199467.45323
20110820 0.0 222285867.451951
20110821 0.0 222372267.450607
20110822 0.0 222458667.449197
20110823 0.0 222545067.447717
20110824 0.0 222631467.446165
20110825 0.0 222717867.444541
20110826 0.0 222804267.442842
20110827 0.0 222890667.441069
20110828 0.0 222977067.439223
20110829 0.0 223063467.4373
20110830 0.0 223149867.435299
20110831 0.0 223236267.433231
20110901 0.0 223322667.431094
20110902 0.0 223409067.428895
20110903 0.0 223495467.426636
20110904 0.0 223581867.424322
20110905 0.0 223668267.421958
20110906 0.0 223754667.419562
20110907 0.0 223841067.163306
20110908 0.0 223927466.790437
20110909 0.0 224013866.772481
20110910 0.0 224100266.770026
20110911 0.0 224186666.767605
20110912 0.0 224273066.765212
20110913 0.0 224359466.762866
20110914 0.0 224445866.760563
20110915 0.0 224532266.758303
20110916 0.0 224618666.756129
20110917 0.0 224705066.75402
20110918 0.0 224791466.752007
20110919 0.0 224877866.750021
20110920 0.0 224964266.74814
20110921 0.0 225050666.746324
20110922 0.0 225137066.744592
20110923 0.0 225223466.742935
20110924 0.0 225309866.741343
20110925 0.0 225396266.739828
20110926 0.0 225482666.738387
20110927 0.0 225569066.737015
20110928 0.0 225655466.735689
20110929 0.0 225741866.734435
20110930 0.0 225828266.733261
20111001 0.0 225914666.732101
20111002 0.0 226001066.731046
20111003 0.0 226087466.729992
20111004 0.0 226173866.729008
20111005 0.0 226260266.728064
20111006 0.0 226346666.727184
20111007 0.0 226433066.726309
20111008 0.0 226519466.725479
20111009 0.0 226605866.724689
20111010 0.0 226692266.723936
20111011 0.0 226778666.723208
20111012 0.0 226865066.722504
20111013 0.0 226951466.721817
20111014 0.0 227037866.721161
20111015 0.0 227124266.720522
20111016 0.0 227210666.719887
20111017 0.0 227297066.719275
20111018 0.0 227383466.718677
20111019 0.0 227469866.718073
20111020 0.0 227556266.717484
20111021 0.0 227642666.716898
20111022 0.0 227729066.716316
20111023 0.0 227815466.715737
20111024 0.0 227901866.684183
20111025 0.0 227988266.639974
20111026 0.0 228074666.63175
20111027 0.0 228161066.631167
20111028 0.0 228247466.630575
20111029 0.0 228333866.629962
20111030 0.0 228420266.629329
20111031 0.0 228506666.628675
20111101 0.0 228593066.628008
20111102 0.0 228679466.627325
20111103 0.0 228765866.626592
20111104 0.0 228852266.625849
20111105 0.0 228938666.625079
20111106 0.0 229025066.624287
20111107 0.0 229111466.623429
20111108 0.0 229197866.622551
20111109 0.0 229284266.621637
20111110 0.0 229370666.620681
20111111 0.0 229457066.61968
20111112 0.0 229543466.618633
20111113 0.0 229629866.617533
20111114 0.0 229716266.616382
20111115 0.0 229802666.6152
20111116 0.0 229889066.613932
20111117 0.0 229975466.612599
20111118 0.0 230061866.611199
20111119 0.0 230148266.609726
20111120 0.0 230234666.608164
20111121 0.0 230321066.606583
20111122 0.0 230407466.604899
20111123 0.0 230493866.603137
20111124 0.0 230580266.6013
20111125 0.0 230666666.599392
20111126 0.0 230753066.597409
20111127 0.0 230839466.595355
20111128 0.0 230925866.593236
20111129 0.0 231012266.59105
20111130 0.0 231098666.5888
20111201 0.0 231185066.586497
20111202 0.0 231271466.584139
20111203 0.0 231357866.58175
20111204 0.0 231444266.579332
20111205 0.0 231530666.576889
20111206 0.0 231617066.260048
20111207 0.0 231703466.250436
20111208 0.0 231789866.248029
20111209 0.0 231876266.245662
20111210 0.0 231962666.243307
20111211 0.0 232049066.241018
20111212 0.0 232135466.238786
20111213 0.0 232221866.236611
20111214 0.0 232308266.234514
20111215 0.0 232394666.23249
20111216 0.0 232481066.230539
20111217 0.0 232567466.228659
20111218 0.0 232653866.22686
20111219 0.0 232740266.225142
20111220 0.0 232826666.223487
20111221 0.0 232913066.221918
20111222 0.0 232999466.220414
20111223 0.0 233085866.218965
20111224 0.0 233172266.217601
20111225 0.0 233258666.216309
20111226 0.0 233345066.215062
20111227 0.0 233431466.213871
20111228 0.0 233517866.212735
20111229 0.0 233604266.211664
20111230 0.0 233690666.210631
20111231 0.0 233777066.20965
20120101 0.0 233863466.208708
20120102 0.0 233949866.20781
20120103 0.0 234036266.206953
20120104 0.0 234122666.20612
20120105 0.0 234209066.205324
20120106 0.0 234295466.204571
20120107 0.0 234381866.203838
20120108 0.0 234468266.203129
20120109 0.0 234554666.202442
20120110 0.0 234641066.201767
20120111 0.0 234727466.201117
20120112 0.0 234813866.200478
20120113 0.0 234900266.199855
20120114 0.0 234986666.199241
20120115 0.0 235073066.198638
20120116 0.0 235159466.198039
20120117 0.0 235245866.197441
20120118 0.0 235332266.196852
20120119 0.0 235418666.196236
20120120 0.0 235505066.195641
20120121 0.0 235591466.19504
20120122 0.0 235677866.194438
20120123 0.0 235764266.19384
20120124 0.0 235850666.193194
20120125 0.0 235937066.192556
20120126 0.0 236023466.191926
20120127 0.0 236109866.191233
20120128 0.0 236196266.190564
20120129 0.0 236282666.189831
20120130 0.0 236369066.189103
20120131 0.0 236455466.188325
20120201 0.0 236541866.187519
20120202 0.0 236628266.186695
20120203 0.0 236714666.185861
20120204 0.0 236801066.184933
20120205 0.0 236887466.184026
20120206 0.0 236973866.183041
20120207 0.0 237060266.181989
20120208 0.0 237146666.180927
20120209 0.0 237233066.179789
20120210 0.0 237319466.178644
20120211 0.0 237405866.177374
20120212 0.0 237492266.176088
20120213 0.0 237578666.174727
20120214 0.0 237665066.1733
20120215 0.0 237751466.171804
20120216 0.0 237837866.170265
20120217 0.0 237924266.168595
20120218 0.0 238010666.166879
20120219 0.0 238097066.165088
20120220 0.0 238183466.163219
20120221 0.0 238269866.161283
20120222 0.0 238356266.159289
20120223 0.0 238442666.15718
20120224 0.0 238529066.15502
20120225 0.0 238615466.152794
20120226 0.0 238701866.150517
20120227 0.0 238788266.148181
20120228 0.0 238874666.145802
20120229 0.0 238961066.14337
20120301 0.0 239047466.140901
20120302 0.0 239133865.987574
20120303 0.0 239220265.44043
20120304 0.0 239306665.363554
20120305 0.0 239393065.361142
20120306 0.0 239479465.358702
20120307 0.0 239565865.356333
20120308 0.0 239652265.353945
20120309 0.0 239738665.351625
20120310 0.0 239825065.349368
20120311 0.0 239911465.347179
20120312 0.0 239997865.345072
20120313 0.0 240084265.343032
20120314 0.0 240170665.341076
20120315 0.0 240257065.339166
20120316 0.0 240343465.337378
20120317 0.0 240429865.335649
20120318 0.0 240516265.333989
20120319 0.0 240602665.332403
20120320 0.0 240689065.330859
20120321 0.0 240775465.329405
20120322 0.0 240861865.328036
20120323 0.0 240948265.326672
20120324 0.0 241034665.325391
20120325 0.0 241121065.324155
20120326 0.0 241207465.322997
20120327 0.0 241293865.321858
20120328 0.0 241380265.320813
20120329 0.0 241466665.319768
20120330 0.0 241553065.318776
20120331 0.0 241639465.317817
20120401 0.0 241725865.316899
20120402 0.0 241812265.315981
20120403 0.0 241898665.315145
20120404 0.0 241985065.314285
20120405 0.0 242071465.313486
20120406 0.0 242157865.312732
20120407 0.0 242244265.311967
20120408 0.0 242330665.31122
20120409 0.0 242417065.310484
20120410 0.0 242503465.309741
20120411 0.0 242589865.309056
20120412 0.0 242676265.308353
20120413 0.0 242762665.307636
20120414 0.0 242849065.306962
20120415 0.0 242935465.306269
20120416 0.0 243021865.299862
20120417 0.0 243108265.215594
20120418 0.0 243194665.191894
20120419 0.0 243281065.192173
20120420 0.0 243367465.195426
20120421 0.0 243453865.196508
20120422 0.0 243540265.193061
20120423 0.0 243626665.190819
20120424 0.0 243713065.190025
20120425 0.0 243799465.189258
20120426 0.0 243885865.188424
20120427 0.0 243972265.187613
20120428 0.0 244058665.186724
20120429 0.0 244145065.185858
20120430 0.0 244231465.184904
20120501 0.0 244317865.183942
20120502 0.0 244404265.182945
20120503 0.0 244490665.181905
20120504 0.0 244577065.180849
20120505 0.0 244663465.17972
20120506 0.0 244749865.17855
20120507 0.0 244836265.177328
20120508 0.0 244922665.176056
20120509 0.0 245009065.174721
20120510 0.0 245095465.173329
20120511 0.0 245181865.171872
20120512 0.0 245268265.170345
20120513 0.0 245354665.168751
20120514 0.0 245441065.167088
20120515 0.0 245527465.165353
20120516 0.0 245613865.163545
20120517 0.0 245700265.161667
20120518 0.0 245786665.159706
20120519 0.0 245873065.157669
20120520 0.0 245959465.155561
20120521 0.0 246045865.153378
20120522 0.0 246132265.151123
20120523 0.0 246218665.148806
20120524 0.0 246305065.146426
20120525 0.0 246391465.143989
20120526 0.0 246477865.141495
20120527 0.0 246564265.138949
20120528 0.0 246650665.1364
20120529 0.0 246737065.133847
20120530 0.0 246823465.131285
20120531 0.0 246909865.128725
20120601 0.0 246996265.126186
20120602 0.0 247082665.123673
20120603 0.0 247169065.121198
20120604 0.0 247255465.118784
20120605 0.0 247341865.116434
20120606 0.0 247428265.114143
20120607 0.0 247514665.111926
20120608 0.0 247601065.109776
20120609 0.0 247687465.107699
20120610 0.0 247773865.105696
20120611 0.0 247860265.103767
20120612 0.0 247946665.101915
20120613 0.0 248033065.100138
20120614 0.0 248119465.098439
20120615 0.0 248205865.096808
20120616 0.0 248292265.095246
20120617 0.0 248378665.093748
20120618 0.0 248465065.092312
20120619 0.0 248551465.090934
20120620 0.0 248637865.089613
20120621 0.0 248724265.088345
20120622 0.0 248810665.087123
20120623 0.0 248897065.085971
20120624 0.0 248983465.084854
20120625 0.0 249069865.083779
20120626 0.0 249156265.082745
20120627 0.0 249242665.081741
20120628 0.0 249329065.080793
20120629 0.0 249415465.079848
20120630 0.0 249501865.078948
20120701 0.0 249588266.07809
20120702 0.0 249674666.077232
20120703 0.0 249761066.076392
20120704 0.0 249847466.075596
20120705 0.0 249933866.074807
20120706 0.0 250020266.074005
20120707 0.0 250106666.073239
20120708 0.0 250193066.07249
20120709 0.0 250279466.071745
20120710 0.0 250365866.071002
20120711 0.0 250452266.070264
20120712 0.0 250538666.069533
20120713 0.0 250625066.068812
20120714 0.0 250711466.06806
20120715 0.0 250797866.067317
20120716 0.0 250884266.066565
20120717 0.0 250970666.065805
20120718 0.0 251057066.065037
20120719 0.0 251143466.064256
20120720 0.0 251229866.063473
20120721 0.0 251316266.062647
20120722 0.0 251402666.061814
20120723 0.0 251489066.060961
20120724 0.0 251575466.060094
20120725 0.0 251661866.059182
20120726 0.0 251748266.058249
20120727 0.0 251834666.057283
20120728 0.0 251921066.056285
20120729 0.0 252007466.055253
20120730 0.0 252093866.054181
20120731 0.0 252180266.053059
20120801 0.0 252266666.051896
20120802 0.0 252353066.050688
20120803 0.0 252439466.04943
20120804 0.0 252525866.048122
20120805 0.0 252612266.046746
20120806 0.0 252698666.045311
20120807 0.0 252785066.043809
20120808 0.0 252871466.042246
20120809 0.0 252957866.040618
20120810 0.0 253044266.038917
20120811 0.0 253130666.037149
20120812 0.0 253217066.035302
20120813 0.0 253303466.033381
20120814 0.0 253389866.03139
20120815 0.0 253476266.029323
20120816 0.0 253562666.027184
20120817 0.0 253649066.024995
20120818 0.0 253735466.022691
20120819 0.0 253821866.020347
20120820 0.0 253908266.017945
20120821 0.0 253994666.015487
20120822 0.0 254081066.012975
20120823 0.0 254167466.010415
20120824 0.0 254253866.007847
20120825 0.0 254340266.00526
20120826 0.0 254426666.002673
20120827 0.0 254513066.000093
20120828 0.0 254599465.997526
20120829 0.0 254685865.994998
20120830 0.0 254772265.992515
20120831 0.0 254858665.990075
20120901 0.0 254945065.987698
20120902 0.0 255031465.985385
20120903 0.0 255117865.983145
20120904 0.0 255204265.980975
20120905 0.0 255290665.97888
20120906 0.0 255377065.976864
20120907 0.0 255463465.974922
20120908 0.0 255549865.97306
20120909 0.0 255636265.971263
20120910 0.0 255722665.969545
20120911 0.0 255809065.96791
20120912 0.0 255895465.96634
20120913 0.0 255981865.964832
20120914 0.0 256068265.963395
20120915 0.0 256154665.962013
20120916 0.0 256241065.960682
20120917 0.0 256327465.959411
20120918 0.0 256413865.958191
20120919 0.0 256500265.957023
20120920 0.0 256586665.955908
20120921 0.0 256673065.95482
20120922 0.0 256759465.953773
20120923 0.0 256845865.952769
20120924 0.0 256932265.951806
20120925 0.0 257018665.95088
20120926 0.0 257105065.949998
20120927 0.0 257191465.949114
20120928 0.0 257277865.948258
20120929 0.0 257364265.947404
20120930 0.0 257450665.946596
20121001 0.0 257537065.945808
20121002 0.0 257623465.945026
20121003 0.0 257709865.94429
20121004 0.0 257796265.943506
20121005 0.0 257882665.94276
20121006 0.0 257969065.942019
20121007 0.0 258055465.941284
20121008 0.0 258141865.940553
20121009 0.0 258228265.939829
20121010 0.0 258314665.939091
20121011 0.0 258401065.938348
20121012 0.0 258487465.937612
20121013 0.0 258573865.936849
20121014 0.0 258660265.936086
20121015 0.0 258746665.935317
20121016 0.0 258833065.934534
20121017 0.0 258919465.933728
20121018 0.0 259005865.932907
20121019 0.0 259092265.932052
20121020 0.0 259178665.931189
20121021 0.0 259265065.930283
20121022 0.0 259351465.929357
20121023 0.0 259437865.928408
20121024 0.0 259524265.927417
20121025 0.0 259610665.926392
20121026 0.0 259697065.92533
20121027 0.0 259783465.924222
20121028 0.0 259869865.923072
20121029 0.0 259956265.921874
20121030 0.0 260042665.920624
20121031 0.0 260129065.91932
20121101 0.0 260215465.917958
20121102 0.0 260301865.916536
20121103 0.0 260388265.91505
20121104 0.0 260474665.9135
20121105 0.0 260561065.911879
20121106 0.0 260647465.910188
20121107 0.0 260733865.90843
20121108 0.0 260820265.9066
20121109 0.0 260906665.904694
20121110 0.0 260993065.902713
20121111 0.0 261079465.90066
20121112 0.0 261165865.898532
20121113 0.0 261252265.896333
20121114 0.0 261338665.894062
20121115 0.0 261425065.891703
20121116 0.0 261511465.889336
20121117 0.0 261597865.886883
20121118 0.0 261684265.884369
20121119 0.0 261770665.881848
20121120 0.0 261857065.879282
20121121 0.0 261943465.876703
20121122 0.0 262029865.87412
20121123 0.0 262116265.871549
20121124 0.0 262202665.868998
20121125 0.0 262289065.866482
20121126 0.0 262375465.864007
20121127 0.0 262461865.861592
20121128 0.0 262548265.859228
20121129 0.0 262634665.856935
20121130 0.0 262721065.854706
20121201 0.0 262807465.852567
20121202 0.0 262893865.850516
20121203 0.0 262980265.848491
20121204 0.0 263066665.846566
20121205 0.0 263153065.844721
20121206 0.0 263239465.842976
20121207 0.0 263325865.841255
20121208 0.0 263412265.839631
20121209 0.0 263498665.838073
20121210 0.0 263585065.836573
20121211 0.0 263671465.835141
20121212 0.0 263757865.83377
20121213 0.0 263844265.832459
20121214 0.0 263930665.831205
20121215 0.0 264017065.829991
20121216 0.0 264103465.828834
20121217 0.0 264189865.827724
20121218 0.0 264276265.826649
20121219 0.0 264362665.825624
20121220 0.0 264449065.824632
20121221 0.0 264535465.823673
20121222 0.0 264621865.822768
20121223 0.0 264708265.821869
20121224 0.0 264794665.820974
20121225 0.0 264881065.82013
20121226 0.0 264967465.819303
20121227 0.0 265053865.818497
20121228 0.0 265140265.817708
20121229 0.0 265226665.816941
20121230 0.0 265313065.816178
20121231 0.0 265399465.815429
20130101 0.0 265485865.814704
20130102 0.0 265572265.813944
20130103 0.0 265658665.813209
20130104 0.0 265745065.812476
20130105 0.0 265831465.81175
20130106 0.0 265917865.811017
20130107 0.0 266004265.81028
20130108 0.0 266090665.809535
20130109 0.0 266177064.808798
20130110 0.0 266263464.808027
20130111 0.0 266349864.80724
20130112 0.0 266436264.806447
20130113 0.0 266522664.805631
20130114 0.0 266609064.804799
20130115 0.0 266695464.80395
20130116 0.0 266781864.803067
20130117 0.0 266868264.802167
20130118 0.0 266954664.801223
20130119 0.0 267041064.800261
20130120 0.0 267127464.799264
20130121 0.0 267213864.798228
20130122 0.0 267300264.797154
20130123 0.0 267386664.79604
20130124 0.0 267473064.794879
20130125 0.0 267559464.79367
20130126 0.0 267645864.792409
20130127 0.0 267732264.791091
20130128 0.0 267818664.789711
20130129 0.0 267905064.788273
20130130 0.0 267991464.786772
20130131 0.0 268077864.785181
20130201 0.0 268164264.783569
20130202 0.0 268250664.781864
20130203 0.0 268337064.780085
20130204 0.0 268423464.778229
20130205 0.0 268509864.776299
20130206 0.0 268596264.774292
20130207 0.0 268682664.772211
20130208 0.0 268769064.770065
20130209 0.0 268855464.767838
20130210 0.0 268941864.765541
20130211 0.0 269028264.763179
20130212 0.0 269114664.760758
20130213 0.0 269201064.75828
20130214 0.0 269287464.755752
20130215 0.0 269373864.753187
20130216 0.0 269460264.750599
20130217 0.0 269546664.747996
20130218 0.0 269633064.745389
20130219 0.0 269719464.742792
20130220 0.0 269805864.740219
20130221 0.0 269892264.737692
20130222 0.0 269978664.73521
20130223 0.0 270065064.732734
20130224 0.0 270151464.730343
20130225 0.0 270237864.728018
20130226 0.0 270324264.725763
20130227 0.0 270410664.723584
20130228 0.0 270497064.721475
20130301 0.0 270583464.719444
20130302 0.0 270669864.71749
20130303 0.0 270756264.715606
20130304 0.0 270842664.713798
20130305 0.0 270929064.712062
20130306 0.0 271015464.710393
20130307 0.0 271101864.708791
20130308 0.0 271188264.707252
20130309 0.0 271274664.705776
20130310 0.0 271361064.704357
20130311 0.0 271447464.702996
20130312 0.0 271533864.701693
20130313 0.0 271620264.70044
20130314 0.0 271706664.699235
20130315 0.0 271793064.698074
20130316 0.0 271879464.696953
20130317 0.0 271965864.695905
20130318 0.0 272052264.694838
20130319 0.0 272138664.693837
20130320 0.0 272225064.692878
20130321 0.0 272311464.691934
20130322 0.0 272397864.690989
20130323 0.0 272484264.690085
20130324 0.0 272570664.68923
20130325 0.0 272657064.688347
20130326 0.0 272743464.687505
20130327 0.0 272829864.686679
20130328 0.0 272916264.685862
20130329 0.0 273002664.685055
20130330 0.0 273089064.684277
20130331 0.0 273175464.683484
20130401 0.0 273261864.682667
20130402 0.0 273348264.681884
20130403 0.0 273434664.681091
20130404 0.0 273521064.680289
20130405 0.0 273607464.679485
20130406 0.0 273693864.678694
20130407 0.0 273780264.677849
20130408 0.0 273866664.677012
20130409 0.0 273953064.676173
20130410 0.0 274039464.675311
20130411 0.0 274125864.674439
20130412 0.0 274212264.673564
20130413 0.0 274298664.672641
20130414 0.0 274385064.671728
20130415 0.0 274471464.670743
20130416 0.0 274557864.669752
20130417 0.0 274644264.668723
20130418 0.0 274730664.667662
20130419 0.0 274817064.666566
20130420 0.0 274903464.665426
20130421 0.0 274989864.664243
20130422 0.0 275076264.663018
20130423 0.0 275162664.661739
20130424 0.0 275249064.660409
20130425 0.0 275335464.659004
20130426 0.0 275421864.657584
20130427 0.0 275508264.656082
20130428 0.0 275594664.654516
20130429 0.0 275681064.652887
20130430 0.0 275767464.651187
20130501 0.0 275853864.649419
20130502 0.0 275940264.647578
20130503 0.0 276026664.645658
20130504 0.0 276113064.643665
20130505 0.0 276199464.641594
20130506 0.0 276285864.639444
20130507 0.0 276372264.637223
20130508 0.0 276458664.634927
20130509 0.0 276545064.632562
20130510 0.0 276631464.630128
20130511 0.0 276717864.627608
20130512 0.0 276804264.625034
20130513 0.0 276890664.62246
20130514 0.0 276977064.619885
20130515 0.0 277063464.617246
20130516 0.0 277149864.614596
20130517 0.0 277236264.611929
20130518 0.0 277322664.609263
20130519 0.0 277409064.606631
20130520 0.0 277495464.604031
20130521 0.0 277581864.601474
20130522 0.0 277668264.598973
20130523 0.0 277754664.596523
20130524 0.0 277841064.594142
20130525 0.0 277927464.591833
20130526 0.0 278013864.589599
20130527 0.0 278100264.587441
20130528 0.0 278186664.585354
20130529 0.0 278273064.583358
20130530 0.0 278359464.581412
20130531 0.0 278445864.579549
20130601 0.0 278532264.57776
20130602 0.0 278618664.576039
20130603 0.0 278705064.574385
20130604 0.0 278791464.572809
20130605 0.0 278877864.571285
20130606 0.0 278964264.569815
20130607 0.0 279050664.568397
20130608 0.0 279137064.567047
20130609 0.0 279223464.565736
20130610 0.0 279309864.564477
20130611 0.0 279396264.563262
20130612 0.0 279482664.562097
20130613 0.0 279569064.560962
20130614 0.0 279655464.559873
20130615 0.0 279741864.558816
20130616 0.0 279828264.55778
20130617 0.0 279914664.556782
20130618 0.0 280001064.555806
20130619 0.0 280087464.554859
20130620 0.0 280173864.553941
20130621 0.0 280260264.553024
20130622 0.0 280346664.552125
20130623 0.0 280433064.551256
20130624 0.0 280519464.550381
20130625 0.0 280605864.549522
20130626 0.0 280692264.548672
20130627 0.0 280778664.54783
20130628 0.0 280865064.546989
20130629 0.0 280951464.546158
20130630 0.0 281037864.545311
20130701 0.0 281124264.54447
20130702 0.0 281210664.543622
20130703 0.0 281297064.542769
20130704 0.0 281383464.541916
20130705 0.0 281469864.541034
20130706 0.0 281556264.54015
20130707 0.0 281642664.53925
20130708 0.0 281729064.538345
20130709 0.0 281815464.537411
20130710 0.0 281901864.536452
20130711 0.0 281988264.535464
20130712 0.0 282074664.53446
20130713 0.0 282161064.533418
20130714 0.0 282247464.532353
20130715 0.0 282333864.531244
20130716 0.0 282420264.530103
20130717 0.0 282506664.528902
20130718 0.0 282593064.527698
20130719 0.0 282679464.526421
20130720 0.0 282765864.525024
20130721 0.0 282852264.523627
20130722 0.0 282938664.52223
20130723 0.0 283025064.520817
20130724 0.0 283111464.519272
20130725 0.0 283197864.517664
20130726 0.0 283284264.515991
20130727 0.0 283370664.514249
20130728 0.0 283457064.51244
20130729 0.0 283543464.510561
20130730 0.0 283629864.508603
20130731 0.0 283716264.506574
20130801 0.0 283802664.504471
20130802 0.0 283889064.502282
20130803 0.0 283975464.500029
20130804 0.0 284061864.497701
20130805 0.0 284148264.495305
20130806 0.0 284234664.492847
20130807 0.0 284321064.490328
20130808 0.0 284407464.487753
20130809 0.0 284493864.485137
20130810 0.0 284580264.482483
20130811 0.0 284666664.479802
20130812 0.0 284753064.477108
20130813 0.0 284839464.474415
20130814 0.0 284925864.471727
20130815 0.0 285012264.469067
20130816 0.0 285098664.466451
20130817 0.0 285185064.463864
20130818 0.0 285271464.461329
20130819 0.0 285357864.458858
20130820 0.0 285444264.456452
20130821 0.0 285530664.45412
20130822 0.0 285617064.45186
20130823 0.0 285703464.449679
20130824 0.0 285789864.447569
20130825 0.0 285876264.445536
20130826 0.0 285962664.443582
20130827 0.0 286049064.441708
20130828 0.0 286135464.439904
20130829 0.0 286221864.438183
20130830 0.0 286308264.436506
20130831 0.0 286394664.434908
20130901 0.0 286481064.433371
20130902 0.0 286567464.431885
20130903 0.0 286653864.430464
20130904 0.0 286740264.429094
20130905 0.0 286826664.427774
20130906 0.0 286913064.426507
20130907 0.0 286999464.425287
20130908 0.0 287085864.424111
20130909 0.0 287172264.42297
20130910 0.0 287258664.42188
20130911 0.0 287345064.420811
20130912 0.0 287431464.419776
20130913 0.0 287517864.418761
20130914 0.0 287604264.417783
20130915 0.0 287690664.416825
20130916 0.0 287777064.415892
20130917 0.0 287863464.414979
20130918 0.0 287949864.414084
20130919 0.0 288036264.413203
20130920 0.0 288122664.412334
20130921 0.0 288209064.411478
20130922 0.0 288295464.410624
20130923 0.0 288381864.40978
20130924 0.0 288468264.408939
20130925 0.0 288554664.408101
20130926 0.0 288641064.407264
20130927 0.0 288727464.406425
20130928 0.0 288813864.405582
20130929 0.0 288900264.404731
20130930 0.0 288986664.40387
20131001 0.0 289073064.402999
20131002 0.0 289159464.402115
20131003 0.0 289245864.40122
20131004 0.0 289332264.400304
20131005 0.0 289418664.399373
20131006 0.0 289505064.398419
20131007 0.0 289591464.397443
20131008 0.0 289677864.396443
20131009 0.0 289764264.395409
20131010 0.0 289850664.394341
20131011 0.0 289937064.393245
20131012 0.0 290023464.39211
20131013 0.0 290109864.390932
20131014 0.0 290196264.38972
20131015 0.0 290282664.388457
20131016 0.0 290369064.387145
20131017 0.0 290455464.385781
20131018 0.0 290541864.384361
20131019 0.0 290628264.382885
20131020 0.0 290714664.381348
20131021 0.0 290801064.379751
20131022 0.0 290887464.378088
20131023 0.0 290973864.376349
20131024 0.0 291060264.374541
20131025 0.0 291146664.372675
20131026 0.0 291233064.370727
20131027 0.0 291319464.368704
20131028 0.0 291405864.366607
20131029 0.0 291492264.364434
20131030 0.0 291578664.362187
20131031 0.0 291665064.359868
20131101 0.0 291751464.357476
20131102 0.0 291837864.355024
20131103 0.0 291924264.352512
20131104 0.0 292010664.349948
20131105 0.0 292097064.347339
20131106 0.0 292183464.344692
20131107 0.0 292269864.342017
20131108 0.0 292356264.339341
20131109 0.0 292442664.336657
20131110 0.0 292529064.334005
20131111 0.0 292615464.331332
20131112 0.0 292701864.328719
20131113 0.0 292788264.32615
20131114 0.0 292874664.323634
20131115 0.0 292961064.321199
20131116 0.0 293047464.318805
20131117 0.0 293133864.316492
20131118 0.0 293220264.314257
20131119 0.0 293306664.312097
20131120 0.0 293393064.310009
20131121 0.0 293479464.308007
20131122 0.0 293565864.306053
20131123 0.0 293652264.304186
20131124 0.0 293738664.302394
20131125 0.0 293825064.300677
20131126 0.0 293911464.299027
20131127 0.0 293997864.297436
20131128 0.0 294084264.295921
20131129 0.0 294170664.294445
20131130 0.0 294257064.293036
20131201 0.0 294343464.291682
20131202 0.0 294429864.29038
20131203 0.0 294516264.289132
20131204 0.0 294602664.287928
20131205 0.0 294689064.286765
20131206 0.0 294775464.285637
20131207 0.0 294861864.284547
20131208 0.0 294948264.28351
20131209 0.0 295034664.282468
20131210 0.0 295121064.281472
20131211 0.0 295207464.2805
20131212 0.0 295293864.279558
20131213 0.0 295380264.278633
20131214 0.0 295466664.277728
20131215 0.0 295553064.27683
20131216 0.0 295639464.275957
20131217 0.0 295725864.275091
20131218 0.0 295812264.274237
20131219 0.0 295898664.273391
20131220 0.0 295985064.27255
20131221 0.0 296071464.271716
20131222 0.0 296157864.270908
20131223 0.0 296244264.270043
20131224 0.0 296330664.269202
20131225 0.0 296417064.26836
20131226 0.0 296503464.267513
20131227 0.0 296589864.266652
20131228 0.0 296676264.265783
20131229 0.0 296762664.264904
20131230 0.0 296849064.26401
20131231 0.0 296935464.263102
20140101 0.0 297021864.262178
20140102 0.0 297108264.261228
20140103 0.0 297194664.260254
20140104 0.0 297281064.259254
20140105 0.0 297367464.258222
20140106 0.0 297453864.257155
20140107 0.0 297540264.25606
20140108 0.0 297626664.254926
20140109 0.0 297713064.25375
20140110 0.0 297799464.252529
20140111 0.0 297885864.251262
20140112 0.0 297972264.249946
20140113 0.0 298058664.248582
20140114 0.0 298145064.247165
20140115 0.0 298231464.245691
20140116 0.0 298317864.244152
20140117 0.0 298404264.242543
20140118 0.0 298490664.240876
20140119 0.0 298577064.239136
20140120 0.0 298663464.23733
20140121 0.0 298749864.235451
20140122 0.0 298836264.233497
20140123 0.0 298922664.231466
20140124 0.0 299009064.229361
20140125 0.0 299095464.227178
20140126 0.0 299181864.22492
20140127 0.0 299268264.222592
20140128 0.0 299354664.220194
20140129 0.0 299441064.21773
20140130 0.0 299527464.215209
20140131 0.0 299613864.21263
20140201 0.0 299700264.210012
20140202 0.0 299786664.207352
20140203 0.0 299873064.20467
20140204 0.0 299959464.201975
20140205 0.0 300045864.199279
20140206 0.0 300132264.196596
20140207 0.0 300218664.193926
20140208 0.0 300305064.191299
20140209 0.0 300391464.188715
20140210 0.0 300477864.186185
20140211 0.0 300564264.183719
20140212 0.0 300650664.181322
20140213 0.0 300737064.178997
20140214 0.0 300823464.17674
20140215 0.0 300909864.174563
20140216 0.0 300996264.172453
20140217 0.0 301082664.170419
20140218 0.0 301169064.168456
20140219 0.0 301255464.166569
20140220 0.0 301341864.164751
20140221 0.0 301428264.163013
20140222 0.0 301514664.161334
20140223 0.0 301601064.159749
20140224 0.0 301687464.158167
20140225 0.0 301773864.156684
20140226 0.0 301860264.155249
20140227 0.0 301946664.153872
20140228 0.0 302033064.152534
20140301 0.0 302119464.151254
20140302 0.0 302205864.150012
20140303 0.0 302292264.148813
20140304 0.0 302378664.147654
20140305 0.0 302465064.146532
20140306 0.0 302551464.145446
20140307 0.0 302637864.144385
20140308 0.0 302724264.143353
20140309 0.0 302810664.142365
20140310 0.0 302897064.141363
20140311 0.0 302983464.140407
20140312 0.0 303069864.139468
20140313 0.0 303156264.138544
20140314 0.0 303242664.13762
20140315 0.0 303329064.13672
20140316 0.0 303415464.135844
20140317 0.0 303501864.134939
20140318 0.0 303588264.134079
20140319 0.0 303674664.133183
20140320 0.0 303761064.132309
20140321 0.0 303847464.131433
20140322 0.0 303933864.130554
20140323 0.0 304020264.129672
20140324 0.0 304106664.12878
20140325 0.0 304193064.12788
20140326 0.0 304279464.126978
20140327 0.0 304365864.12606
20140328 0.0 304452264.125131
20140329 0.0 304538664.124152
20140330 0.0 304625064.123176
20140331 0.0 304711464.122178
20140401 0.0 304797864.12114
20140402 0.0 304884264.120099
20140403 0.0 304970664.11902
20140404 0.0 305057064.117907
20140405 0.0 305143464.116783
20140406 0.0 305229864.115563
20140407 0.0 305316264.114342
20140408 0.0 305402664.113071
20140409 0.0 305489064.11175
20140410 0.0 305575464.110383
20140411 0.0 305661864.108963
20140412 0.0 305748264.107492
20140413 0.0 305834664.105963
20140414 0.0 305921064.104374
20140415 0.0 306007464.102746
20140416 0.0 306093864.101004
20140417 0.0 306180264.099206
20140418 0.0 306266664.097364
20140419 0.0 306353064.0954
20140420 0.0 306439464.093385
20140421 0.0 306525864.091295
20140422 0.0 306612264.089127
20140423 0.0 306698664.086888
20140424 0.0 306785064.084563
20140425 0.0 306871464.082191
20140426 0.0 306957864.079681
20140427 0.0 307044264.077171
20140428 0.0 307130664.074658
20140429 0.0 307217064.072038
20140430 0.0 307303464.069369
20140501 0.0 307389864.066662
20140502 0.0 307476264.063924
20140503 0.0 307562664.06118
20140504 0.0 307649064.058436
20140505 0.0 307735464.055701
20140506 0.0 307821864.052991
20140507 0.0 307908264.050318
20140508 0.0 307994664.047696
20140509 0.0 308081064.045115
20140510 0.0 308167464.042604
20140511 0.0 308253864.040162
20140512 0.0 308340264.037787
20140513 0.0 308426664.035486
20140514 0.0 308513064.033258
20140515 0.0 308599464.031104
20140516 0.0 308685864.029022
20140517 0.0 308772264.027016
20140518 0.0 308858664.02508
20140519 0.0 308945064.023218
20140520 0.0 309031464.021424
20140521 0.0 309117864.0197
20140522 0.0 309204264.018044
20140523 0.0 309290664.016441
20140524 0.0 309377064.014901
20140525 0.0 309463464.01342
20140526 0.0 309549864.011992
20140527 0.0 309636264.010612
20140528 0.0 309722664.009291
20140529 0.0 309809064.007995
20140530 0.0 309895464.006769
20140531 0.0 309981864.005545
20140601 0.0 310068264.004375
20140602 0.0 310154664.003237
20140603 0.0 310241064.00213
20140604 0.0 310327464.001058
20140605 0.0 310413864.000007
20140606 0.0 310500263.998975
20140607 0.0 310586663.997984
20140608 0.0 310673063.996963
20140609 0.0 310759463.995991
20140610 0.0 310845863.99504
20140611 0.0 310932263.994081
20140612 0.0 311018663.993154
20140613 0.0 311105063.992203
20140614 0.0 311191463.991278
20140615 0.0 311277863.990352
20140616 0.0 311364263.98943
20140617 0.0 311450663.946641
20140618 0.0 311537063.729256
20140619 0.0 311623463.728325
20140620 0.0 311709863.727417
20140621 0.0 311796263.726445
20140622 0.0 311882663.725501
20140623 0.0 311969063.724528
20140624 0.0 312055463.723544
20140625 0.0 312141863.722538
20140626 0.0 312228263.721518
20140627 0.0 312314663.720471
20140628 0.0 312401063.719413
20140629 0.0 312487463.718298
20140630 0.0 312573863.71717
20140701 0.0 312660263.716016
20140702 0.0 312746663.714818
20140703 0.0 312833063.713579
20140704 0.0 312919463.712308
20140705 0.0 313005863.710988
20140706 0.0 313092263.709623
20140707 0.0 313178663.70821
20140708 0.0 313265063.70675
20140709 0.0 313351463.705232
20140710 0.0 313437863.703657
20140711 0.0 313524263.702022
20140712 0.0 313610663.700339
20140713 0.0 313697063.698559
20140714 0.0 313783463.696728
20140715 0.0 313869863.694825
20140716 0.0 313956263.692852
20140717 0.0 314042663.690803
20140718 0.0 314129063.688684
20140719 0.0 314215463.686491
20140720 0.0 314301863.684209
20140721 0.0 314388263.68187
20140722 0.0 314474663.679449
20140723 0.0 314561063.676961
20140724 0.0 314647463.674408
20140725 0.0 314733863.671794
20140726 0.0 314820263.669128
20140727 0.0 314906663.666416
20140728 0.0 314993063.663677
20140729 0.0 315079463.660911
20140730 0.0 315165863.658123
20140731 0.0 315252263.655333
20140801 0.0 315338663.652577
20140802 0.0 315425063.649826
20140803 0.0 315511463.647114
20140804 0.0 315597863.644464
20140805 0.0 315684263.64186
20140806 0.0 315770663.639321
20140807 0.0 315857063.636848
20140808 0.0 315943463.634517
20140809 0.0 316029863.632186
20140810 0.0 316116263.629866
20140811 0.0 316202663.627696
20140812 0.0 316289063.625594
20140813 0.0 316375463.623561
20140814 0.0 316461863.621604
20140815 0.0 316548263.619754
20140816 0.0 316634663.617953
20140817 0.0 316721063.616233
20140818 0.0 316807463.614559
20140819 0.0 316893863.612922
20140820 0.0 316980263.611361
20140821 0.0 317066663.609894
20140822 0.0 317153063.608434
20140823 0.0 317239463.607046
20140824 0.0 317325863.605696
20140825 0.0 317412263.604395
20140826 0.0 317498663.603138
20140827 0.0 317585063.601909
20140828 0.0 317671463.600734
20140829 0.0 317757863.599609
20140830 0.0 317844263.598489
20140831 0.0 317930663.597412
20140901 0.0 318017063.596314
20140902 0.0 318103463.595191
20140903 0.0 318189863.594117
20140904 0.0 318276263.593107
20140905 0.0 318362663.592249
20140906 0.0 318449063.591247
20140907 0.0 318535463.590189
20140908 0.0 318621863.589148
20140909 0.0 318708263.588186
20140910 0.0 318794663.587322
20140911 0.0 318881063.586514
20140912 0.0 318967463.521086
20140913 0.0 319053863.352502
20140914 0.0 319140263.351542
20140915 0.0 319226663.350614
20140916 0.0 319313063.349671
20140917 0.0 319399463.348714
20140918 0.0 319485863.347743
20140919 0.0 319572263.346764
20140920 0.0 319658663.345769
20140921 0.0 319745063.344755
20140922 0.0 319831463.343722
20140923 0.0 319917863.342689
20140924 0.0 320004263.341659
20140925 0.0 320090663.340629
20140926 0.0 320177063.339599
20140927 0.0 320263463.338569
20140928 0.0 320349863.33754
20140929 0.0 320436263.33651
20140930 0.0 320522663.33548
20141001 0.0 320609063.33445
20141002 0.0 320695463.33342
20141003 0.0 320781863.33239
20141004 0.0 320868263.33136
20141005 0.0 320954663.33033
20141006 0.0 321041063.3293
20141007 0.0 321127463.328271
20141008 0.0 321213863.327241
20141009 0.0 321300263.326211
20141010 0.0 321386663.325181
20141011 0.0 321473063.324151
20141012 0.0 321559463.323121
20141013 0.0 321645863.322091
20141014 0.0 321732263.321061
20141015 0.0 321818663.320031
20141016 0.0 321905063.319002
20141017 0.0 321991463.317972
20141018 0.0 322077863.316942
20141019 0.0 322164263.315912
20141020 0.0 322250663.314882
20141021 0.0 322337063.313852
20141022 0.0 322423463.312822
20141023 0.0 322509863.311792
20141024 0.0 322596263.310762
20141025 0.0 322682663.309733
20141026 0.0 322769063.308703
20141027 0.0 322855463.307673
20141028 0.0 322941863.306643
20141029 0.0 323028263.305613
20141030 0.0 323114663.304583
20141031 0.0 323201063.303553
20141101 0.0 323287463.302523
20141102 0.0 323373863.301493
20141103 0.0 323460263.300464
20141104 0.0 323546663.299434
20141105 0.0 323633063.298404
20141106 0.0 323719463.297374
20141107 0.0 323805863.296344
20141108 0.0 323892263.295314
20141109 0.0 323978663.294284
20141110 0.0 324065063.293254
20141111 0.0 324151463.292224
20141112 0.0 324237863.291195
20141113 0.0 324324263.290165
20141114 0.0 324410663.289135
20141115 0.0 324497063.288105
20141116 0.0 324583463.287075
20141117 0.0 324669863.286045
20141118 0.0 324756263.285015
20141119 0.0 324842663.283985
20141120 0.0 324929063.282955
20141121 0.0 325015463.281926
20141122 0.0 325101863.280896
20141123 0.0 325188263.279866
20141124 0.0 325274663.278836
20141125 0.0 325361063.277806
20141126 0.0 325447463.276776
20141127 0.0 325533863.275746
20141128 0.0 325620263.274716
20141129 0.0 325706663.273686
20141130 0.0 325793063.272657
20141201 0.0 325879463.271627
20141202 0.0 325965863.270597
20141203 0.0 326052263.269567
20141204 0.0 326138663.268537
20141205 0.0 326225063.267507
20141206 0.0 326311463.266477
20141207 0.0 326397863.265447
20141208 0.0 326484263.264418
20141209 0.0 326570663.263388
20141210 0.0 326657063.262358
20141211 0.0 326743463.261328
20141212 0.0 326829863.260298
20141213 0.0 326916263.259268
20141214 0.0 327002663.258238
20141215 0.0 327089063.257208
20141216 0.0 327175463.256178
20141217 0.0 327261863.255149
20141218 0.0 327348263.254119
20141219 0.0 327434663.253089
20141220 0.0 327521063.252059
20141221 0.0 327607463.251029
20141222 0.0 327693863.249999
20141223 0.0 327780263.248969
20141224 0.0 327866663.247939
20141225 0.0 327953063.246909
20141226 0.0 328039463.24588
20141227 0.0 328125863.24485
20141228 0.0 328212263.24382
20141229 0.0 328298663.24279
20141230 0.0 328385063.24176
20141231 0.0 328471463.24073
20150101 0.0 328557863.2397
20150102 0.0 328644263.23867
20150103 0.0 328730663.23764
20150104 0.0 328817063.236611
20150105 0.0 328903463.235581
20150106 0.0 328989863.234551
20150107 0.0 329076263.233521
20150108 0.0 329162663.232491
20150109 0.0 329249063.231461
20150110 0.0 329335463.230431
20150111 0.0 329421863.229401
20150112 0.0 329508263.228371
20150113 0.0 329594663.227342
20150114 0.0 329681063.226312
20150115 0.0 329767463.225282
20150116 0.0 329853863.224252
20150117 0.0 329940263.223222
20150118 0.0 330026663.222192
20150119 0.0 330113063.221162
20150120 0.0 330199463.220132
20150121 0.0 330285863.219102
20150122 0.0 330372263.218073
20150123 0.0 330458663.217043
20150124 0.0 330545063.216013
20150125 0.0 330631463.214983
20150126 0.0 330717863.213953
20150127 0.0 330804263.212923
20150128 0.0 330890663.211893
20150129 0.0 330977063.210863
20150130 0.0 331063463.209833
20150131 0.0 331149863.208804
20150201 0.0 331236263.207774
20150202 0.0 331322663.206744
20150203 0.0 331409063.205714
20150204 0.0 331495463.204684
20150205 0.0 331581863.203654
20150206 0.0 331668263.202624
20150207 0.0 331754663.201594
20150208 0.0 331841063.200564
20150209 0.0 331927463.199535
20150210 0.0 332013863.198505
20150211 0.0 332100263.197475
20150212 0.0 332186663.196445
20150213 0.0 332273063.195415
20150214 0.0 332359463.194385
20150215 0.0 332445863.193355
20150216 0.0 332532263.192325
20150217 0.0 332618663.191295
20150218 0.0 332705063.190266
20150219 0.0 332791463.189236
20150220 0.0 332877863.188206
20150221 0.0 332964263.187176
20150222 0.0 333050663.186146
20150223 0.0 333137063.185116
20150224 0.0 333223463.184086
20150225 0.0 333309863.183056
20150226 0.0 333396263.182026
20150227 0.0 333482663.180997
20150228 0.0 333569063.179967
20150301 0.0 333655463.178937
20150302 0.0 333741863.177907
20150303 0.0 333828263.176877
20150304 0.0 333914663.175847
20150305 0.0 334001063.174817
20150306 0.0 334087463.173787
20150307 0.0 334173863.172757
20150308 0.0 334260263.171728
20150309 0.0 334346663.170698
20150310 0.0 334433063.169668
20150311 0.0 334519463.168638
20150312 0.0 334605863.167608
20150313 0.0 334692263.166578
20150314 0.0 334778663.165548
20150315 0.0 334865063.164518
20150316 0.0 334951463.163488
20150317 0.0 335037863.162459
20150318 0.0 335124263.161429
20150319 0.0 335210663.160399
20150320 0.0 335297063.159369
20150321 0.0 335383463.158339
20150322 0.0 335469863.157309
20150323 0.0 335556263.156279
20150324 0.0 335642663.155249
20150325 0.0 335729063.154219
20150326 0.0 335815463.15319
20150327 0.0 335901863.15216
20150328 0.0 335988263.15113
20150329 0.0 336074663.1501
20150330 0.0 336161063.14907
20150331 0.0 336247463.14804
20150401 0.0 336333863.14701
20150402 0.0 336420263.14598
20150403 0.0 336506663.14495
20150404 0.0 336593063.143921
20150405 0.0 336679463.142891
20150406 0.0 336765863.141861
20150407 0.0 336852263.140831
20150408 0.0 336938663.139801
20150409 0.0 337025063.138771
20150410 0.0 337111463.137741
20150411 0.0 337197863.136711
20150412 0.0 337284263.135682
20150413 0.0 337370663.134652
20150414 0.0 337457063.133622
20150415 0.0 337543463.132592
20150416 0.0 337629863.131562
20150417 0.0 337716263.130532
20150418 0.0 337802663.129502
20150419 0.0 337889063.128472
20150420 0.0 337975463.127442
20150421 0.0 338061863.126413
20150422 0.0 338148263.125383
20150423 0.0 338234663.124353
20150424 0.0 338321063.123323
20150425 0.0 338407463.122293
20150426 0.0 338493863.121263
20150427 0.0 338580263.120233
20150428 0.0 338666663.119203
20150429 0.0 338753063.118173
20150430 0.0 338839463.117144
